307.750000 0.000000 0.000000 1.615000
312.375000 0.000000 0.000000 1.710000
315.500000 0.000000 0.000000 1.815000
317.500000 0.000000 0.000000 1.920000
319.125000 0.000000 0.000000 2.010000
320.750000 0.000000 0.000000 2.110000
321.500000 0.000000 0.000000 2.215000
322.250000 0.000000 0.000000 2.310000
323.250000 0.000000 0.000000 2.405000
324.000000 0.000000 0.000000 2.515000
324.125000 0.000000 0.000000 2.610000
325.000000 0.000000 0.000000 2.710000
325.625000 0.000000 0.000000 2.810000
325.875000 0.000000 0.000000 2.910000
326.500000 0.000000 0.000000 3.015000
327.000000 0.000000 0.000000 3.110000
327.250000 0.000000 0.000000 3.210000
327.375000 0.000000 0.000000 3.310000
327.875000 0.000000 0.000000 3.410000
328.000000 0.000000 0.000000 3.510000
328.250000 0.000000 0.000000 3.615000
328.500000 0.000000 0.000000 3.711000
328.875000 0.000000 0.000000 3.800000
328.875000 0.000000 0.000000 3.920000
329.125000 0.000000 0.000000 4.010000
329.375000 0.000000 0.000000 4.110000
329.375000 0.000000 0.000000 4.195000
329.625000 0.000000 0.000000 4.315000
330.000000 0.000000 0.000000 4.410000
330.125000 0.000000 0.000000 4.520000
330.125000 0.000000 0.000000 4.610000
330.125000 0.000000 0.000000 4.710000
330.125000 0.000000 0.000000 4.810000
330.375000 0.000000 0.000000 4.921000
330.500000 0.000000 0.000000 5.016000
330.500000 0.000000 0.000000 5.116000
330.625000 0.000000 0.000000 5.221000
330.875000 0.000000 0.000000 5.316000
330.875000 0.000000 0.000000 5.416000
330.875000 0.000000 0.000000 5.516000
331.000000 0.000000 0.000000 5.616000
331.000000 0.000000 0.000000 5.716000
331.000000 0.000000 0.000000 5.821000
331.000000 0.000000 0.000000 5.916000
331.250000 0.000000 0.000000 6.021000
331.250000 0.000000 0.000000 6.116000
331.375000 0.000000 0.000000 6.221000
331.500000 0.000000 0.000000 6.320000
331.625000 0.000000 0.000000 6.410000
331.625000 0.000000 0.000000 6.515000
331.625000 0.000000 0.000000 6.610000
331.875000 0.000000 0.000000 6.715000
332.000000 0.000000 0.000000 6.810000
332.000000 0.000000 0.000000 6.910000
332.000000 0.000000 0.000000 7.010000
332.000000 0.000000 0.000000 7.115000
332.125000 0.000000 0.000000 7.210000
332.250000 0.000000 0.000000 7.310000
332.250000 0.000000 0.000000 7.410000
332.250000 0.000000 0.000000 7.510000
332.250000 0.000000 0.000000 7.605000
332.250000 0.000000 0.000000 7.715000
332.250000 0.000000 0.000000 7.815000
332.250000 0.000000 0.000000 7.895000
332.250000 0.000000 0.000000 8.020000
332.250000 0.000000 0.000000 8.110000
332.375000 0.000000 0.000000 8.229000
332.375000 0.000000 0.000000 8.325000
332.625000 0.000000 0.000000 8.425000
332.625000 0.000000 0.000000 8.520000
332.625000 0.000000 0.000000 8.620000
332.875000 0.000000 0.000000 8.725000
332.875000 0.000000 0.000000 8.825000
333.000000 0.000000 0.000000 8.920000
333.000000 0.000000 0.000000 9.020000
333.125000 0.000000 0.000000 9.110000
333.125000 0.000000 0.000000 9.220000
333.250000 0.000000 0.000000 9.320000
333.250000 0.000000 0.000000 9.420000
333.375000 0.000000 0.375000 9.520000
426.625000 0.000000 0.375000 9.620000
457.000000 0.000000 0.375000 9.720000
501.875000 0.000000 0.375000 9.825000
516.750000 0.000000 0.375000 9.920000
523.625000 0.000000 0.375000 10.020000
554.000000 0.005245 0.375000 10.120000
563.250000 0.005245 0.375000 10.220000
575.125000 0.019865 0.375000 10.320000
579.125000 0.019865 0.240000 10.425000
582.500000 0.019865 0.240000 10.520000
600.500000 0.083032 0.240000 10.620000
614.125000 0.083032 0.240000 10.720000
632.125000 0.083032 0.240000 10.820000
661.000000 0.286702 0.240000 10.915000
692.375000 0.489574 0.240000 11.020000
726.875000 0.489574 0.240000 11.120000
761.750000 0.696950 0.240000 11.220000
800.375000 0.930911 0.240000 11.320000
832.250000 1.131890 0.217000 11.417000
866.375000 1.336185 0.217000 11.517000
904.875000 1.537433 0.217000 11.627000
939.750000 1.748777 0.217000 11.710000
971.250000 1.958025 0.217000 11.810000
1004.375000 2.177489 0.217000 11.910000
1033.750000 2.388731 0.217000 12.010000
1064.250000 2.590222 0.217000 12.110000
1092.125000 2.791163 0.217000 12.210000
1123.750000 2.998482 0.217000 12.310000
1156.125000 3.203598 0.217000 12.410000
1191.375000 3.411021 0.290000 12.520000
1217.750000 3.611318 0.290000 12.610000
1244.875000 3.824266 0.290000 12.715000
1273.375000 4.031463 0.290000 12.810000
1302.500000 4.232708 0.290000 12.910000
1331.625000 4.433830 0.290000 13.015000
1359.000000 4.635457 0.290000 13.100000
1386.250000 4.836708 0.290000 13.210000
1413.875000 5.037880 0.290000 13.315000
1444.125000 5.245355 0.290000 13.415000
1478.250000 5.447397 0.266000 13.515000
1507.125000 5.649518 0.266000 13.618000
1533.375000 5.850770 0.266000 13.718000
1556.750000 6.052274 0.266000 13.818000
1580.875000 6.257148 0.266000 13.920000
1605.875000 6.257148 0.266000 14.010000
1629.875000 6.478620 0.266000 14.115000
1653.875000 6.699990 0.266000 14.215000
1675.750000 6.901359 0.266000 14.315000
1699.625000 7.122877 0.266000 14.415000
1731.250000 7.334243 0.342000 14.515000
1756.625000 7.570920 0.342000 14.610000
1778.250000 7.772263 0.342000 14.720000
1802.375000 7.973293 0.342000 14.815000
1824.875000 8.174023 0.342000 14.910000
1845.000000 8.375378 0.342000 15.010000
1866.000000 8.576735 0.342000 15.110000
1890.750000 8.777841 0.342000 15.220000
1912.250000 8.978947 0.342000 15.320000
1931.625000 9.180310 0.342000 15.415000
1961.250000 9.381809 0.349000 15.510000
1980.500000 9.586224 0.349000 15.610000
1997.250000 9.786313 0.349000 15.715000
2015.000000 10.005065 0.349000 15.815000
2030.875000 10.206215 0.349000 15.915000
2051.750000 10.407578 0.349000 16.014999
2067.875000 10.608782 0.349000 16.110001
2081.625000 10.810033 0.349000 16.209999
2098.000000 11.011406 0.349000 16.320000
2112.125000 11.212806 0.349000 16.410999
2137.250000 11.418081 0.385000 16.514999
2151.875000 11.623635 0.385000 16.610001
2167.625000 11.825113 0.385000 16.709999
2181.250000 12.026360 0.385000 16.809999
2192.750000 12.227715 0.385000 16.910000
2204.250000 12.429214 0.385000 17.010000
2225.875000 12.630617 0.385000 17.115000
2236.125000 12.831724 0.385000 17.209999
2251.375000 13.032949 0.385000 17.309999
2265.125000 13.234325 0.385000 17.420000
2284.125000 13.442943 0.367000 17.518999
2298.375000 13.649404 0.367000 17.618999
2313.125000 13.852201 0.367000 17.724001
2325.000000 14.054551 0.367000 17.823999
2337.500000 14.054551 0.367000 17.919001
2348.750000 14.285770 0.367000 18.018999
2362.750000 14.486994 0.367000 18.124001
2377.125000 14.688115 0.367000 18.222000
2388.750000 14.895239 0.367000 18.309999
2404.125000 15.122734 0.367000 18.415001
2425.375000 15.344076 0.330000 18.520000
2438.125000 15.549816 0.330000 18.610001
2452.125000 15.750765 0.330000 18.722000
2464.250000 15.966059 0.330000 18.809999
2475.625000 16.173372 0.330000 18.915001
2487.500000 16.374615 0.330000 19.014999
2501.250000 16.575808 0.330000 19.115000
2512.375000 16.777027 0.330000 19.215000
2525.625000 16.978142 0.330000 19.315001
2538.000000 17.179361 0.330000 19.415001
2555.250000 17.388592 0.304000 19.514999
2568.000000 17.594290 0.304000 19.615000
2579.625000 17.795034 0.304000 19.715000
2592.250000 17.996162 0.304000 19.815001
2603.250000 18.197426 0.304000 19.915001
2613.875000 18.398438 0.304000 20.014999
2625.250000 18.599571 0.304000 20.115000
2636.625000 18.801086 0.304000 20.215000
2647.875000 19.002476 0.304000 20.320999
2659.000000 19.204266 0.304000 20.415001
2676.125000 19.405819 0.309000 20.514999
2692.250000 19.609581 0.309000 20.615000
2701.625000 19.609581 0.309000 20.715000
2714.125000 19.816328 0.309000 20.820999
2724.375000 20.020950 0.309000 20.921000
2735.125000 20.224812 0.309000 21.016001
2745.500000 20.425795 0.309000 21.121000
2757.000000 20.627140 0.309000 21.221001
2768.875000 20.836361 0.309000 21.315001
2778.500000 21.037590 0.309000 21.415001
2796.375000 21.237827 0.297000 21.514999
2806.625000 21.439554 0.297000 21.615000
2816.125000 21.640556 0.297000 21.715000
2827.500000 21.841629 0.297000 21.815001
2839.500000 22.042805 0.297000 21.920000
2850.000000 22.244028 0.297000 22.014999
2861.875000 22.445127 0.297000 22.115000
2872.000000 22.648659 0.297000 22.219999
2882.625000 22.857830 0.297000 22.315001
2893.250000 23.058960 0.297000 22.420000
2914.250000 23.259958 0.335000 22.516001
2925.875000 23.468842 0.335000 22.615000
2935.750000 23.677950 0.335000 22.715000
2945.875000 23.879440 0.335000 22.815001
2955.625000 24.082567 0.335000 22.916000
2965.875000 24.291822 0.335000 23.020000
2975.750000 24.291822 0.335000 23.115000
2987.125000 24.513540 0.335000 23.215000
2995.875000 24.714798 0.335000 23.316000
3004.375000 24.916073 0.335000 23.415001
3017.625000 25.117447 0.334000 23.514999
3026.375000 25.325544 0.334000 23.615999
3036.750000 25.535028 0.334000 23.724001
3044.625000 25.744379 0.334000 23.823999
3053.875000 25.945501 0.334000 23.924000
3063.000000 26.146498 0.334000 24.024000
3072.000000 26.347746 0.334000 24.124001
3080.125000 26.558870 0.334000 24.224001
3087.875000 26.760368 0.334000 24.323999
3097.000000 26.961617 0.334000 24.434000
3106.125000 27.183241 0.320000 24.524000
3114.625000 27.419733 0.320000 24.624001
3123.000000 27.620604 0.320000 24.729000
3132.375000 27.821964 0.320000 24.823999
3140.125000 28.023193 0.320000 24.914000
3148.250000 28.224421 0.320000 25.024000
3157.125000 28.425774 0.320000 25.124001
3165.250000 28.626877 0.320000 25.224001
3173.875000 28.828230 0.320000 25.323999
3181.500000 29.035460 0.320000 25.422001
3210.500000 29.236813 0.307000 25.521999
3219.125000 29.443104 0.307000 25.622000
3225.875000 29.644228 0.307000 25.722000
3233.125000 29.845585 0.307000 25.827000
3238.750000 30.046686 0.307000 25.922001
3247.875000 30.247913 0.307000 26.021999
3252.875000 30.448891 0.307000 26.115000
3259.375000 30.656271 0.307000 26.215000
3265.125000 30.857624 0.307000 26.315001
3271.500000 31.078999 0.307000 26.420000
3280.250000 31.280106 0.321000 26.514999
3289.375000 31.481737 0.321000 26.615000
3296.500000 31.481737 0.321000 26.715000
3302.125000 31.667086 0.321000 26.815001
3307.250000 31.822123 0.321000 26.900000
3320.875000 31.930134 0.321000 27.014999
3325.375000 32.004990 0.321000 27.115000
3329.500000 32.046490 0.321000 27.215000
3331.875000 32.046490 0.321000 27.315001
3333.875000 32.089554 0.321000 27.415001
3335.625000 32.089554 0.293000 27.514999
3341.125000 32.089554 0.293000 27.615000
3353.750000 32.089554 0.293000 27.716999
3355.625000 32.099182 0.293000 27.815001
3357.125000 32.103161 0.293000 27.915001
3372.250000 32.103161 0.293000 28.021999
3373.000000 32.106297 0.293000 28.117001
3373.875000 32.106297 0.293000 28.215000
3374.375000 32.106297 0.293000 28.315001
3374.375000 32.125366 0.259000 28.415001
3375.500000 32.125366 0.259000 28.514999
3376.500000 32.125366 0.259000 28.615000
3377.875000 32.125366 0.259000 28.715000
3379.375000 32.328030 0.259000 28.815001
3382.125000 32.328030 0.259000 28.915001
3385.625000 32.534336 0.259000 29.014999
3390.375000 32.741119 0.259000 29.115000
3395.250000 32.741119 0.259000 29.215000
3400.250000 32.949368 0.259000 29.315001
3414.000000 33.180767 0.231000 29.415001
3418.250000 33.381031 0.231000 29.514999
3423.750000 33.592548 0.231000 29.615000
3430.500000 33.801777 0.231000 29.715000
3435.625000 34.033318 0.231000 29.815001
3440.375000 34.234444 0.231000 29.915001
3445.625000 34.455925 0.231000 30.014999
3451.750000 34.657333 0.231000 30.115000
3459.250000 34.858490 0.231000 30.215000
3466.125000 35.059872 0.231000 30.315001
3473.750000 35.261402 0.231000 30.415001
3482.375000 35.461895 0.299000 30.514999
3490.875000 35.665062 0.299000 30.620001
3499.375000 35.870560 0.299000 30.715000
3507.375000 36.071552 0.299000 30.815001
3515.875000 36.272430 0.299000 30.915001
3522.125000 36.474064 0.299000 31.014999
3530.000000 36.675587 0.299000 31.115000
3535.750000 36.884609 0.299000 31.224001
3545.000000 37.085743 0.299000 31.323999
3552.125000 37.286976 0.299000 31.434000
3574.875000 37.495296 0.294000 31.524000
3584.750000 37.700005 0.294000 31.629000
3590.750000 37.700005 0.294000 31.714001
3598.750000 37.905479 0.294000 31.823999
3606.875000 38.135071 0.294000 31.924000
3616.625000 38.336159 0.294000 32.023998
3623.875000 38.537540 0.294000 32.124001
3632.375000 38.739048 0.294000 32.223999
3641.000000 38.970253 0.294000 32.324001
3647.000000 39.171375 0.294000 32.424000
3665.500000 39.372631 0.314000 32.523998
3673.750000 39.573971 0.314000 32.624001
3682.625000 39.791454 0.314000 32.729000
3692.000000 40.002689 0.314000 32.824001
3701.625000 40.204052 0.314000 32.924000
3710.250000 40.405548 0.314000 33.023998
3720.250000 40.606796 0.314000 33.124001
3728.500000 40.808037 0.314000 33.223999
3738.625000 41.009274 0.314000 33.324001
3749.375000 41.210510 0.314000 33.424000
3763.500000 41.411495 0.289000 33.523998
3771.625000 41.618740 0.289000 33.624001
3780.125000 41.823071 0.289000 33.729000
3789.750000 42.030441 0.289000 33.824001
3801.000000 42.231693 0.289000 33.924000
3813.375000 42.433189 0.289000 34.023998
3825.625000 42.634304 0.289000 34.124001
3836.000000 42.835415 0.289000 34.223999
3845.375000 43.036652 0.289000 34.324001
3857.125000 43.238014 0.289000 34.424000
3875.000000 43.444130 0.276000 34.523998
3885.750000 43.444130 0.276000 34.624001
3894.750000 43.698444 0.276000 34.723999
3905.000000 43.906673 0.276000 34.813999
3917.500000 44.107910 0.276000 34.924000
3928.125000 44.318913 0.276000 35.023998
3938.000000 44.540287 0.276000 35.124001
3955.625000 44.741413 0.276000 35.223999
3967.750000 44.952766 0.276000 35.324001
3977.750000 45.153889 0.276000 35.424000
3992.375000 45.361713 0.279000 35.523998
4000.875000 45.569645 0.279000 35.624001
4007.500000 45.569645 0.279000 35.729000
4014.250000 45.773628 0.279000 35.828999
4019.875000 45.977444 0.279000 35.924000
4024.375000 45.977444 0.279000 36.028999
4028.875000 46.189266 0.279000 36.124001
4034.875000 46.390480 0.279000 36.223999
4042.000000 46.594963 0.279000 36.324001
4048.000000 46.800198 0.279000 36.421001
4053.625000 47.001759 0.339000 36.521000
4058.375000 47.212219 0.339000 36.625999
4062.875000 47.419598 0.339000 36.716000
4067.375000 47.621288 0.339000 36.816002
4072.625000 47.822384 0.339000 36.917999
4077.875000 48.023510 0.339000 37.015999
4083.875000 48.224621 0.339000 37.116001
4088.500000 48.425751 0.339000 37.222000
4091.875000 48.626934 0.339000 37.316002
4097.000000 48.830162 0.339000 37.401001
4102.500000 49.033382 0.275000 37.522999
4106.625000 49.233997 0.275000 37.616001
4110.375000 49.438274 0.275000 37.717999
4115.875000 49.645451 0.275000 37.820999
4119.375000 49.848660 0.275000 37.917000
4124.250000 50.057919 0.275000 38.015999
4128.125000 50.259403 0.275000 38.116001
4132.750000 50.460567 0.275000 38.216000
4136.625000 50.661850 0.275000 38.316002
4140.750000 50.863209 0.251000 38.416000
4145.500000 51.064751 0.251000 38.515999
4150.625000 51.265873 0.251000 38.616001
4156.750000 51.467007 0.251000 38.716000
4161.250000 51.668259 0.251000 38.816002
4166.875000 51.869549 0.251000 38.916000
4171.125000 51.869549 0.251000 39.000999
4176.000000 52.272358 0.251000 39.116001
4180.875000 52.475441 0.251000 39.216000
4185.250000 52.684731 0.251000 39.316002
4191.375000 52.890022 0.238000 39.417999
4197.875000 52.890022 0.238000 39.515999
4203.000000 53.107067 0.238000 39.616001
4209.125000 53.348671 0.238000 39.716000
4217.000000 53.550220 0.238000 39.816002
4223.625000 53.751572 0.238000 39.917999
4230.750000 53.952736 0.238000 40.015999
4239.500000 54.154072 0.238000 40.116001
4248.625000 54.355179 0.238000 40.216000
4258.250000 54.556431 0.238000 40.316002
4269.000000 54.759537 0.245000 40.422001
4278.000000 54.960907 0.245000 40.521999
4288.750000 55.162277 0.245000 40.616001
4297.625000 55.371620 0.245000 40.716000
4307.875000 55.593124 0.245000 40.820999
4317.625000 55.794628 0.245000 40.916000
4326.000000 56.005871 0.245000 41.015999
4333.625000 56.206879 0.245000 41.116001
4340.875000 56.408127 0.245000 41.216000
4349.625000 56.609367 0.245000 41.316002
4358.125000 56.810852 0.244000 41.416000
4380.125000 57.011463 0.244000 41.518002
4389.250000 57.211582 0.244000 41.617001
4400.125000 57.211582 0.244000 41.716999
4407.125000 57.431595 0.244000 41.816002
4414.250000 57.431595 0.244000 41.917999
4420.875000 57.638420 0.244000 42.015999
4429.375000 57.841377 0.244000 42.117001
4437.250000 57.841377 0.244000 42.216000
4446.250000 58.048946 0.244000 42.317001
4458.250000 58.257797 0.225000 42.421001
4466.500000 58.457989 0.225000 42.515999
4476.000000 58.658947 0.225000 42.616001
4485.875000 58.860275 0.225000 42.716000
4495.750000 59.061726 0.225000 42.816002
4506.250000 59.263000 0.225000 42.916000
4514.625000 59.464279 0.225000 43.006001
4523.500000 59.685383 0.225000 43.120998
4533.500000 59.886631 0.225000 43.216000
4542.750000 60.087814 0.225000 43.316002
4551.250000 60.289047 0.232000 43.416000
4562.125000 60.490417 0.232000 43.515999
4567.750000 60.693542 0.232000 43.620998
4576.250000 60.902740 0.232000 43.716000
4582.125000 61.124043 0.232000 43.816002
4588.500000 61.325172 0.232000 43.917000
4596.125000 61.526375 0.232000 44.015999
4602.250000 61.727627 0.232000 44.116001
4610.625000 61.928875 0.232000 44.216000
4616.000000 62.130154 0.232000 44.316002
4629.250000 62.341408 0.215000 44.417000
4649.750000 62.546131 0.215000 44.515999
4661.000000 62.739471 0.215000 44.601002
4671.000000 62.899651 0.215000 44.716000
4678.375000 62.899651 0.215000 44.816002
4687.875000 63.036880 0.215000 44.916000
4698.375000 63.134388 0.215000 45.021999
4703.125000 63.191051 0.215000 45.122002
4706.750000 63.214893 0.215000 45.216000
4709.125000 63.215675 0.215000 45.316002
4713.000000 63.215675 0.215000 45.416000
4725.250000 63.215675 0.246000 45.516998
4728.000000 63.215675 0.246000 45.616001
4750.125000 63.215675 0.246000 45.726002
4752.625000 63.215675 0.246000 45.816002
4757.750000 63.215675 0.246000 45.916000
4760.375000 63.215675 0.246000 46.015999
4761.500000 63.215675 0.246000 46.116001
4763.750000 63.215675 0.246000 46.213001
4765.500000 63.215675 0.246000 46.316002
4766.500000 63.215675 0.221000 46.416000
4768.000000 63.215675 0.221000 46.515999
4770.000000 63.215675 0.221000 46.616001
4771.125000 63.279247 0.221000 46.696999
4773.500000 63.279247 0.221000 46.816002
4775.625000 63.279247 0.221000 46.916000
4777.250000 63.481457 0.221000 47.015999
4778.750000 63.481457 0.221000 47.116001
4780.500000 63.700981 0.221000 47.216000
4783.000000 63.913731 0.221000 47.316002
4788.625000 64.115829 0.201000 47.416000
4792.875000 64.322159 0.201000 47.515999
4795.250000 64.523376 0.201000 47.616001
4798.750000 64.724861 0.201000 47.716000
4803.250000 64.925903 0.201000 47.820000
4808.000000 65.135246 0.201000 47.935001
4811.375000 65.338509 0.201000 48.021000
4813.625000 65.539757 0.201000 48.117001
4815.875000 65.740982 0.201000 48.196999
4818.875000 65.944283 0.201000 48.316002
4821.500000 66.153656 0.220000 48.416000
4825.500000 66.358871 0.220000 48.500999
4830.000000 66.561554 0.220000 48.616001
4832.625000 66.561554 0.220000 48.716000
4837.375000 66.769745 0.220000 48.816002
4840.750000 66.769745 0.220000 48.897999
4843.250000 66.978012 0.220000 49.015999
4846.875000 66.978012 0.220000 49.116001
4849.250000 67.180733 0.220000 49.216000
4851.625000 67.382317 0.220000 49.316002
4854.125000 67.382317 0.225000 49.417000
4856.125000 67.583801 0.225000 49.515999
4858.375000 67.788506 0.225000 49.616001
4860.125000 67.989754 0.225000 49.716000
4862.250000 68.191101 0.225000 49.816002
4864.000000 68.394554 0.225000 49.905998
4865.125000 68.614021 0.225000 50.016998
4867.375000 68.815247 0.225000 50.116001
4868.500000 69.016212 0.225000 50.216000
4869.375000 69.217072 0.225000 50.317001
4871.000000 69.448311 0.225000 50.416000
4873.250000 69.648438 0.257000 50.511002
4875.250000 69.854759 0.257000 50.616001
4876.500000 70.060860 0.257000 50.716000
4878.750000 70.274818 0.257000 50.816002
4880.000000 70.480583 0.257000 50.916000
4882.500000 70.681946 0.257000 51.015999
4884.250000 70.681946 0.257000 51.106998
4885.750000 71.086395 0.257000 51.221001
4887.500000 71.295837 0.257000 51.316002
4889.125000 71.497070 0.234000 51.416000
4890.000000 71.699921 0.234000 51.521999
4892.125000 71.699921 0.234000 51.616001
4894.250000 71.959969 0.234000 51.716000
4897.500000 72.160576 0.234000 51.816002
4899.875000 72.378098 0.234000 51.916000
4902.125000 72.583008 0.234000 52.015999
4905.250000 72.583008 0.234000 52.105999
4908.125000 72.790680 0.234000 52.216000
4910.875000 73.011772 0.234000 52.320999
4918.750000 73.217224 0.234000 52.416000
4925.875000 73.423676 0.240000 52.511002
4928.125000 73.423676 0.240000 52.616001
4932.375000 73.656914 0.240000 52.716000
4935.250000 73.862244 0.240000 52.816002
4939.625000 74.063400 0.240000 52.916000
4943.875000 74.264656 0.240000 53.015999
4947.750000 74.465637 0.240000 53.111000
4952.000000 74.676735 0.240000 53.216000
4954.750000 74.877869 0.240000 53.311001
4959.250000 75.111244 0.240000 53.416000
4966.875000 75.320694 0.303000 53.515999
4971.000000 75.520706 0.303000 53.616001
4976.250000 75.729927 0.303000 53.716000
4980.000000 75.931076 0.303000 53.816002
4984.750000 76.132378 0.303000 53.917000
4989.500000 76.333641 0.303000 54.015999
4994.375000 76.536781 0.303000 54.122002
4999.000000 76.738052 0.303000 54.222000
5003.375000 76.939323 0.303000 54.321999
5008.000000 77.140839 0.303000 54.416000
5016.875000 77.348396 0.244000 54.515999
5024.375000 77.557617 0.244000 54.610001
5030.750000 77.759010 0.244000 54.716000
5037.875000 77.960381 0.244000 54.816002
5043.875000 78.161652 0.244000 54.916000
5052.000000 78.362930 0.244000 55.013000
5059.750000 78.564255 0.244000 55.118000
5067.000000 78.765274 0.244000 55.216000
5076.750000 78.966553 0.244000 55.316002
5085.500000 79.167648 0.244000 55.417000
5096.000000 79.368019 0.257000 55.515999
5106.625000 79.571716 0.257000 55.616001
5116.750000 79.781311 0.257000 55.706001
5126.750000 79.982422 0.257000 55.806000
5135.500000 80.183907 0.257000 55.916000
5144.875000 80.385132 0.257000 56.019001
5156.875000 80.590416 0.257000 56.116001
5168.625000 80.791862 0.257000 56.216000
5176.500000 80.999054 0.257000 56.316002
5186.000000 81.200401 0.257000 56.416000
5199.750000 81.200401 0.247000 56.497002
5212.625000 81.615067 0.247000 56.620998
5223.625000 81.615067 0.247000 56.716000
5230.625000 81.846367 0.247000 56.816002
5243.125000 82.047516 0.247000 56.916000
5254.250000 82.250641 0.247000 57.015999
5261.000000 82.459877 0.247000 57.105999
5270.625000 82.691132 0.247000 57.216000
5282.250000 82.892387 0.247000 57.316002
5294.500000 83.113747 0.247000 57.416000
5313.500000 83.315346 0.253000 57.521000
5327.625000 83.522118 0.253000 57.605999
5340.000000 83.726830 0.253000 57.727001
5358.000000 83.933617 0.253000 57.819000
5370.875000 84.134857 0.253000 57.924000
5383.875000 84.336082 0.253000 58.019001
5394.000000 84.537453 0.253000 58.119999
5407.000000 84.738693 0.253000 58.219002
5423.750000 84.939934 0.253000 58.320000
5436.250000 85.141159 0.253000 58.417000
5464.000000 85.348732 0.273000 58.527000
5480.375000 85.550171 0.273000 58.626999
5496.750000 85.750786 0.273000 58.727001
5507.750000 85.960663 0.273000 58.827000
5519.000000 86.162041 0.273000 58.926998
5532.375000 86.363419 0.273000 59.027000
5545.250000 86.564674 0.273000 59.126999
5562.750000 86.766037 0.273000 59.227001
5578.875000 86.967285 0.273000 59.327000
5591.375000 87.168533 0.273000 59.426998
5610.500000 87.369156 0.326000 59.527000
5627.625000 87.577896 0.326000 59.626999
5644.875000 87.779007 0.326000 59.727001
5660.375000 87.980125 0.326000 59.827000
5677.000000 88.181244 0.326000 59.926998
5690.125000 88.386467 0.326000 60.019001
5703.750000 88.587708 0.326000 60.118999
5718.750000 88.788979 0.326000 60.219002
5735.375000 88.990273 0.326000 60.319000
5753.250000 89.191391 0.326000 60.424000
5775.000000 89.191391 0.297000 60.519001
5799.250000 89.419716 0.297000 60.618999
5817.500000 89.622208 0.297000 60.709000
5835.750000 89.827553 0.297000 60.819000
5854.375000 90.031593 0.297000 60.918999
5875.625000 90.234978 0.297000 61.019001
5894.125000 90.436089 0.297000 61.118999
5913.000000 90.637321 0.297000 61.219002
5932.625000 90.838554 0.297000 61.319000
5948.750000 91.039711 0.297000 61.418999
5985.625000 91.240883 0.301000 61.519001
6004.375000 91.448669 0.301000 61.615002
6020.875000 91.649780 0.301000 61.724998
6037.250000 91.851028 0.301000 61.825001
6052.375000 92.056580 0.301000 61.926998
6067.125000 92.257828 0.301000 62.027000
6084.500000 92.458946 0.301000 62.132000
6100.500000 92.660179 0.301000 62.227001
6118.125000 92.861290 0.301000 62.327000
6134.625000 93.062523 0.301000 62.426998
6154.625000 93.263878 0.336000 62.527000
6170.250000 93.473831 0.336000 62.612000
6186.500000 93.675064 0.336000 62.731998
6204.750000 93.876289 0.336000 62.826000
6220.500000 94.085289 0.336000 62.925999
6234.375000 94.286514 0.336000 63.026001
6251.500000 94.487762 0.336000 63.116001
6263.000000 94.689003 0.336000 63.220001
6276.875000 94.896332 0.336000 63.320000
6289.875000 95.097595 0.336000 63.418999
6324.625000 95.300804 0.309000 63.519001
6344.250000 95.503075 0.309000 63.618999
6365.875000 95.704308 0.309000 63.719002
6382.000000 95.905556 0.309000 63.819000
6400.500000 96.106834 0.309000 63.918999
6416.875000 96.307968 0.309000 64.018997
6437.875000 96.509247 0.309000 64.119003
6457.000000 96.710556 0.309000 64.219002
6475.125000 96.911888 0.309000 64.320000
6494.125000 97.113121 0.309000 64.418999
6512.750000 97.314247 0.346000 64.518997
6529.125000 97.515175 0.346000 64.603996
6544.250000 97.716393 0.346000 64.719002
6566.500000 97.924530 0.346000 64.819000
6588.250000 97.924530 0.346000 64.897003
6602.500000 98.334084 0.346000 65.018997
6625.125000 98.535294 0.346000 65.119003
6646.750000 98.741890 0.346000 65.219002
6663.375000 98.942886 0.346000 65.319000
6686.250000 98.942886 0.346000 65.418999
6713.125000 99.155167 0.338000 65.518997
6732.250000 99.366066 0.338000 65.619003
6751.875000 99.571289 0.338000 65.719002
6769.250000 99.772636 0.338000 65.819000
6789.375000 99.973755 0.338000 65.918999
6812.000000 100.184830 0.338000 66.024002
6830.250000 100.386101 0.338000 66.119003
6849.750000 100.587196 0.338000 66.219002
6869.125000 100.788292 0.338000 66.319000
6888.625000 100.991516 0.338000 66.418999
6904.250000 101.200859 0.338000 66.518997
6934.875000 101.406525 0.379000 66.619003
6950.125000 101.609070 0.379000 66.719002
6968.375000 101.817451 0.379000 66.819000
6986.250000 102.018715 0.379000 66.914001
7005.000000 102.219986 0.379000 67.018997
7020.125000 102.421257 0.379000 67.119003
7036.375000 102.622650 0.379000 67.219002
7054.375000 102.823868 0.379000 67.319000
7070.000000 103.035240 0.379000 67.418999
7087.625000 103.236465 0.379000 67.518997
7103.875000 103.445740 0.374000 67.619003
7120.250000 103.649017 0.374000 67.719002
7137.875000 103.850281 0.374000 67.814003
7161.500000 104.051498 0.374000 67.932999
7178.000000 104.260361 0.374000 68.028000
7194.875000 104.461609 0.374000 68.127998
7213.000000 104.662842 0.374000 68.227997
7230.375000 104.864090 0.374000 68.328003
7247.125000 105.065331 0.374000 68.428001
7272.625000 105.268600 0.369000 68.518997
7294.250000 105.468964 0.369000 68.609001
7314.500000 105.679420 0.369000 68.719002
7332.375000 105.888329 0.369000 68.819000
7352.375000 106.089691 0.369000 68.918999
7374.125000 106.290939 0.369000 69.018997
7389.750000 106.492332 0.369000 69.119003
7412.250000 106.705757 0.369000 69.224998
7430.375000 106.921143 0.369000 69.319000
7449.625000 107.126305 0.369000 69.418999
7470.750000 107.331558 0.369000 69.518997
7505.000000 107.331558 0.387000 69.609001
7531.500000 107.531761 0.387000 69.719002
7549.250000 107.733665 0.387000 69.819000
7577.625000 107.936989 0.387000 69.918999
7598.875000 108.166466 0.387000 70.018997
7619.250000 108.367836 0.387000 70.119003
7637.750000 108.569214 0.387000 70.219002
7657.250000 108.770454 0.387000 70.319000
7677.625000 108.971817 0.387000 70.418999
7702.375000 109.173027 0.387000 70.518997
7737.500000 109.373459 0.393000 70.619003
7757.875000 109.578987 0.393000 70.719002
7782.000000 109.788841 0.393000 70.823997
7805.500000 109.989952 0.393000 70.918999
7827.875000 110.191307 0.393000 71.018997
7848.625000 110.392563 0.393000 71.119003
7866.250000 110.595688 0.393000 71.213997
7888.125000 110.804916 0.393000 71.319000
7912.500000 111.006325 0.393000 71.418999
7932.625000 111.207550 0.393000 71.518997
7964.625000 111.408005 0.402000 71.619003
7986.750000 111.609474 0.402000 71.719002
8006.750000 111.810875 0.402000 71.819000
8020.750000 112.012131 0.402000 71.918999
8038.625000 112.213242 0.402000 72.018997
8057.750000 112.414627 0.402000 72.119003
8080.125000 112.617905 0.402000 72.205002
8104.000000 112.827217 0.402000 72.319000
8126.500000 113.028549 0.402000 72.424004
8148.125000 113.229904 0.402000 72.518997
8181.500000 113.439018 0.443000 72.619003
8204.500000 113.641724 0.443000 72.719002
8226.250000 113.842979 0.443000 72.819000
8247.625000 113.842979 0.443000 72.899002
8269.625000 114.245583 0.443000 73.019997
8296.875000 114.446976 0.443000 73.149002
8317.750000 114.652245 0.443000 73.210999
8338.875000 114.859634 0.443000 73.319000
8358.250000 115.060875 0.443000 73.418999
8380.250000 115.262093 0.443000 73.518997
8403.000000 115.466225 0.464000 73.619003
8427.125000 115.669716 0.464000 73.719002
8447.000000 115.870934 0.464000 73.819000
8463.750000 116.074219 0.464000 73.919998
8484.875000 116.074219 0.464000 74.018997
8505.000000 116.313423 0.464000 74.119003
8522.750000 116.514648 0.464000 74.219002
8545.125000 116.715874 0.464000 74.319000
8566.500000 116.917122 0.464000 74.418999
8588.000000 117.138611 0.464000 74.533997
8606.125000 117.349617 0.537000 74.624001
8645.750000 117.549873 0.537000 74.723999
8661.000000 117.755959 0.537000 74.829002
8683.125000 117.957008 0.537000 74.929001
8699.375000 117.957008 0.537000 75.024002
8718.125000 118.159081 0.537000 75.114998
8732.625000 118.367645 0.537000 75.233002
8753.375000 118.569077 0.537000 75.333000
8769.250000 118.770058 0.537000 75.432999
8790.000000 118.971298 0.537000 75.532997
8804.750000 119.172546 0.537000 75.633003
8852.875000 119.372551 0.534000 75.733002
8871.500000 119.572586 0.534000 75.829002
8887.875000 119.777054 0.534000 75.924004
8906.625000 119.978088 0.534000 76.026001
8923.500000 120.179070 0.534000 76.113998
8942.125000 120.382454 0.534000 76.223999
8962.875000 120.591560 0.534000 76.323997
8975.375000 120.792793 0.534000 76.418999
8991.500000 120.993767 0.534000 76.524002
9006.500000 121.203072 0.534000 76.624001
9034.000000 121.403389 0.607000 76.728996
9050.750000 121.606735 0.607000 76.823997
9065.625000 121.606735 0.607000 76.924004
9086.125000 121.823090 0.607000 77.024002
9103.375000 122.024216 0.607000 77.124001
9117.375000 122.225410 0.607000 77.213997
9131.375000 122.466759 0.607000 77.323997
9144.125000 122.670326 0.607000 77.424004
9159.000000 122.891968 0.607000 77.524002
9177.125000 123.111435 0.526000 77.624001
9192.625000 123.312210 0.526000 77.724998
9210.125000 123.513481 0.526000 77.823997
9224.125000 123.714729 0.526000 77.924004
9235.875000 123.915977 0.526000 78.024002
9252.875000 124.117233 0.526000 78.124001
9270.125000 124.318344 0.526000 78.213997
9284.125000 124.519600 0.526000 78.323997
9299.125000 124.720879 0.526000 78.424004
9312.875000 124.922119 0.526000 78.526001
9328.875000 125.123421 0.526000 78.624001
9343.500000 125.330116 0.510000 78.723999
9381.875000 125.538338 0.510000 78.827003
9398.000000 125.538338 0.510000 78.924004
9415.500000 125.742081 0.510000 79.024002
9434.625000 125.742081 0.510000 79.125000
9445.000000 125.947258 0.510000 79.230003
9456.250000 125.947258 0.510000 79.330002
9468.000000 126.153580 0.510000 79.424004
9480.750000 126.153580 0.510000 79.518997
9496.250000 126.376289 0.538000 79.624001
9507.000000 126.576340 0.538000 79.728996
9523.750000 126.781166 0.538000 79.823997
9537.500000 126.982414 0.538000 79.924004
9550.500000 127.183662 0.538000 80.024002
9568.625000 127.384933 0.538000 80.124001
9586.250000 127.586311 0.538000 80.223999
9602.500000 127.787552 0.538000 80.330002
9619.750000 127.988625 0.538000 80.424004
9634.875000 128.189896 0.538000 80.524002
9652.625000 128.391144 0.538000 80.625999
9700.250000 128.592285 0.592000 80.724998
9717.125000 128.795853 0.592000 80.823997
9733.750000 128.997131 0.592000 80.924004
9751.000000 129.198257 0.592000 81.025002
9766.625000 129.399567 0.592000 81.124001
9781.750000 129.600830 0.592000 81.225998
9801.000000 129.804199 0.592000 81.331001
9815.125000 130.007568 0.592000 81.430000
9830.875000 130.216934 0.592000 81.525002
9848.125000 130.418427 0.519000 81.625000
9866.875000 130.618896 0.519000 81.724998
9889.625000 130.820511 0.519000 81.824997
9908.000000 131.021759 0.519000 81.919998
9927.750000 131.233231 0.519000 82.025002
9945.250000 131.434479 0.519000 82.114998
9963.125000 131.641647 0.519000 82.224998
9981.625000 131.843018 0.519000 82.324997
10004.000000 132.048508 0.519000 82.417999
10026.250000 132.249786 0.519000 82.525002
10045.375000 132.451416 0.519000 82.625000
10076.250000 132.659958 0.521000 82.717003
10097.125000 132.864319 0.521000 82.832001
10118.375000 133.065674 0.521000 82.931999
10142.250000 133.266937 0.521000 83.027000
10162.500000 133.468048 0.521000 83.132004
10182.250000 133.669296 0.521000 83.232002
10204.750000 133.870544 0.521000 83.332001
10222.750000 133.870544 0.521000 83.415001
10243.875000 134.278870 0.521000 83.529999
10264.875000 134.278870 0.521000 83.625000
10297.125000 134.479874 0.535000 83.716003
10375.625000 134.684586 0.535000 83.832001
10396.625000 134.888367 0.535000 83.925003
10414.125000 135.091827 0.535000 84.014999
10432.125000 135.299576 0.535000 84.125999
10453.750000 135.500854 0.535000 84.224998
10474.500000 135.702148 0.535000 84.324997
10501.875000 135.906982 0.535000 84.425003
10523.250000 136.114380 0.535000 84.526001
10540.625000 136.317612 0.535000 84.625999
10562.750000 136.526947 0.661000 84.724998
10593.750000 136.731232 0.661000 84.824997
10616.875000 136.924118 0.661000 84.925003
10645.250000 136.924118 0.661000 85.025002
10665.125000 137.083786 0.661000 85.132004
10692.875000 137.244156 0.661000 85.214996
10707.500000 137.244156 0.661000 85.324997
10725.750000 137.438416 0.661000 85.425003
10740.000000 137.438416 0.661000 85.525002
10749.875000 137.606766 0.661000 85.625000
10766.750000 137.606766 0.661000 85.724998
10821.875000 137.606766 0.681000 85.824997
10835.625000 137.807266 0.681000 85.925003
10852.375000 137.807266 0.681000 86.030998
10863.625000 137.972183 0.681000 86.125000
10876.875000 137.972183 0.681000 86.224998
10887.250000 137.972183 0.681000 86.324997
10898.500000 138.175064 0.681000 86.425003
10916.500000 138.378998 0.681000 86.526001
10935.250000 138.378998 0.681000 86.625999
10951.250000 138.586105 0.668000 86.724998
10973.250000 138.805328 0.668000 86.810997
10999.125000 139.014465 0.668000 86.925003
11022.375000 139.215790 0.668000 87.025002
11046.500000 139.427048 0.668000 87.125000
11070.125000 139.628265 0.668000 87.214996
11089.375000 139.829407 0.668000 87.324997
11115.000000 140.030563 0.668000 87.425003
11141.750000 140.231537 0.668000 87.519997
11166.125000 140.432480 0.668000 87.625000
11204.000000 140.633728 0.665000 87.724998
11231.875000 140.834488 0.665000 87.824997
11255.125000 141.048294 0.665000 87.926003
11274.500000 141.257431 0.665000 88.025002
11294.500000 141.458817 0.665000 88.129997
11315.625000 141.659851 0.665000 88.224998
11337.875000 141.860992 0.665000 88.324997
11361.875000 142.062256 0.665000 88.427002
11382.250000 142.263947 0.665000 88.516998
11401.875000 142.466888 0.665000 88.625000
11425.625000 142.675980 0.665000 88.724998
11449.500000 142.880844 0.697000 88.824997
11469.875000 143.088165 0.697000 88.925003
11487.625000 143.291183 0.697000 89.026001
11507.875000 143.492203 0.697000 89.125000
11528.125000 143.703415 0.697000 89.224998
11554.750000 143.912796 0.697000 89.320000
11581.375000 144.119995 0.697000 89.425003
11602.750000 144.325623 0.697000 89.525002
11656.500000 144.527023 0.697000 89.629997
11679.250000 144.728012 0.697000 89.724998
11719.375000 144.932114 0.727000 89.825996
11745.375000 144.932114 0.727000 89.925003
11770.375000 145.168182 0.727000 90.025002
11795.125000 145.389404 0.727000 90.125000
11816.500000 145.620819 0.727000 90.224998
11839.500000 145.822067 0.727000 90.324997
11862.125000 146.023285 0.727000 90.425003
11885.250000 146.224823 0.727000 90.525002
11915.125000 146.425934 0.727000 90.625000
11938.375000 146.627457 0.727000 90.724998
11972.500000 146.827942 0.700000 90.824997
11998.750000 147.031036 0.700000 90.925003
12018.625000 147.239044 0.700000 91.025002
12038.500000 147.439926 0.700000 91.125999
12061.625000 147.641006 0.700000 91.224998
12083.500000 147.842133 0.700000 91.324997
12106.375000 148.043686 0.700000 91.426003
12128.750000 148.245041 0.700000 91.531998
12153.875000 148.445923 0.700000 91.634003
12175.375000 148.655685 0.700000 91.734001
12196.750000 148.858902 0.766000 91.824997
12218.625000 149.059509 0.766000 91.925003
12240.875000 149.260651 0.766000 92.025002
12261.125000 149.464066 0.766000 92.130997
12281.375000 149.675064 0.766000 92.224998
12302.250000 149.892273 0.766000 92.324997
12323.125000 150.097748 0.766000 92.425003
12343.875000 150.307175 0.766000 92.514999
12363.250000 150.508484 0.766000 92.625000
12381.875000 150.709717 0.766000 92.724998
12416.875000 150.914612 0.787000 92.824997
12471.000000 150.914612 0.787000 92.925003
12524.625000 151.124039 0.787000 93.029999
12557.500000 151.282120 0.787000 93.125000
12622.625000 151.416336 0.787000 93.224998
12654.875000 151.505844 0.787000 93.325996
12669.000000 151.560516 0.787000 93.412003
12685.500000 151.584366 0.787000 93.522003
12694.625000 151.584366 0.787000 93.622002
12696.500000 151.588684 0.787000 93.726997
12715.375000 151.588684 0.787000 93.827003
12741.875000 151.603424 0.834000 93.927002
12744.625000 151.603424 0.834000 94.028000
12754.000000 151.603424 0.834000 94.123001
12758.375000 151.618576 0.834000 94.225998
12770.000000 151.618576 0.834000 94.334999
12773.375000 151.719711 0.834000 94.434998
12782.750000 151.719711 0.834000 94.535004
12790.500000 151.719711 0.834000 94.635002
12799.625000 151.922501 0.834000 94.739998
12811.000000 151.922501 0.825000 94.834999
12822.125000 152.124237 0.825000 94.931000
12835.500000 152.328079 0.825000 95.029999
12852.375000 152.532578 0.825000 95.125999
12867.750000 152.733948 0.825000 95.226997
12883.875000 152.935196 0.825000 95.325996
12900.000000 153.136398 0.825000 95.426003
12917.500000 153.337799 0.825000 95.542999
12934.000000 153.545120 0.825000 95.630997
12960.500000 153.750732 0.825000 95.731003
12977.750000 153.951767 0.825000 95.825996
13095.000000 154.158173 0.822000 95.931000
13113.500000 154.358856 0.822000 96.026001
13131.000000 154.358856 0.822000 96.125999
13149.750000 154.574936 0.822000 96.235001
13166.000000 154.985565 0.822000 96.339996
13181.500000 154.985565 0.822000 96.431999
13199.000000 155.190567 0.822000 96.526001
13215.875000 155.401901 0.822000 96.639000
13232.750000 155.606857 0.822000 96.725998
13247.875000 155.816040 0.822000 96.845001
13268.250000 156.020798 0.991000 96.940002
13283.500000 156.221924 0.991000 97.040001
13300.500000 156.423126 0.991000 97.139999
13316.875000 156.624222 0.991000 97.239998
13333.000000 156.825439 0.991000 97.339996
13351.750000 157.026779 0.991000 97.440002
13369.750000 157.228104 0.991000 97.540001
13385.250000 157.429352 0.991000 97.639999
13399.750000 157.630875 0.991000 97.745003
13417.625000 157.874619 0.991000 97.835999
13451.875000 158.083847 0.901000 97.940002
13478.250000 158.290329 0.901000 98.040001
13497.625000 158.491791 0.901000 98.135002
13511.375000 158.709717 0.901000 98.242996
13525.625000 158.914902 0.901000 98.334999
13542.875000 159.115875 0.901000 98.440002
13560.125000 159.325607 0.901000 98.554001
13576.375000 159.531281 0.901000 98.647003
13591.875000 159.744858 0.901000 98.738998
13608.875000 159.946075 0.901000 98.847000
13641.500000 160.146927 0.911000 98.946999
13662.500000 160.353394 0.911000 99.046997
13674.625000 160.554764 0.911000 99.147003
13689.875000 160.755890 0.911000 99.247002
13707.000000 160.957260 0.911000 99.347000
13721.500000 161.182388 0.911000 99.444000
13734.000000 161.389450 0.911000 99.542000
13748.750000 161.597000 0.911000 99.644997
13762.375000 161.802002 0.911000 99.747002
13777.125000 162.003372 0.911000 99.847000
13792.500000 162.204514 0.911000 99.936996
13820.375000 162.412308 1.035000 100.042000
13833.875000 162.616684 1.035000 100.141998
13845.875000 162.616684 1.035000 100.239998
13858.625000 162.828064 1.035000 100.336998
13871.250000 163.029236 1.035000 100.442001
13888.250000 163.250519 1.035000 100.542000
13904.000000 163.469788 1.035000 100.637001
13918.750000 163.672714 1.035000 100.748001
13934.125000 163.876419 1.035000 100.842003
13948.875000 164.085419 0.939000 100.942001
13962.875000 164.286514 0.939000 101.042000
13976.875000 164.487869 0.939000 101.141998
13991.250000 164.688965 0.939000 101.241997
14004.750000 164.889984 0.939000 101.342003
14020.250000 165.095383 0.939000 101.442001
14035.250000 165.302582 0.939000 101.542999
14050.375000 165.506149 0.939000 101.639000
14065.000000 165.709366 0.939000 101.744003
14078.375000 165.918640 0.939000 101.843002
14094.750000 166.126114 0.964000 101.945999
14108.375000 166.327103 0.964000 102.045998
14122.750000 166.544357 0.964000 102.139000
14137.500000 166.745453 0.964000 102.238998
14155.250000 166.951004 0.964000 102.339996
14170.250000 167.160400 0.964000 102.446999
14185.250000 167.369507 0.964000 102.539001
14200.875000 167.570755 0.964000 102.634003
14218.500000 167.773788 0.964000 102.738998
14233.625000 168.013336 0.964000 102.844002
14250.250000 168.220764 0.957000 102.939003
14266.125000 168.425903 0.957000 103.040001
14278.375000 168.627151 0.957000 103.149002
14293.250000 168.828430 0.957000 103.238998
14307.750000 169.029678 0.957000 103.338997
14324.250000 169.230820 0.957000 103.442001
14338.250000 169.433746 0.957000 103.540001
14353.750000 169.635590 0.957000 103.644997
14367.875000 169.836578 0.957000 103.738998
14382.125000 170.046051 0.957000 103.838997
14395.250000 170.046051 0.957000 103.927002
14420.750000 170.447906 0.964000 104.039001
14434.750000 170.447906 0.964000 104.139000
14446.125000 170.653076 0.964000 104.238998
14460.125000 170.864471 0.964000 104.346001
14477.750000 171.070023 0.964000 104.444000
14491.125000 171.283722 0.964000 104.539001
14504.250000 171.488953 0.964000 104.641998
14518.000000 171.700333 0.964000 104.738998
14532.250000 171.901703 0.964000 104.838997
14543.750000 172.102707 0.892000 104.939003
14562.625000 172.305161 0.892000 105.039001
14574.750000 172.522842 0.892000 105.144997
14587.250000 172.724091 0.892000 105.245003
14602.625000 172.925339 0.892000 105.337997
14616.375000 173.132568 0.892000 105.438004
14630.000000 173.333786 0.892000 105.554001
14645.875000 173.543457 0.892000 105.641998
14658.875000 173.744431 0.892000 105.747002
14673.375000 173.945557 0.892000 105.848000
14704.375000 174.146667 0.849000 105.947998
14738.125000 174.348618 0.849000 106.043999
14754.750000 174.526993 0.849000 106.142998
14771.125000 174.526993 0.849000 106.237999
14785.250000 174.691635 0.849000 106.337997
14797.750000 174.691635 0.849000 106.443001
14839.125000 174.886169 0.849000 106.547997
14853.750000 174.886169 0.849000 106.653000
14869.875000 175.088959 0.849000 106.753998
14882.875000 175.088959 0.849000 106.847000
14911.125000 175.293610 0.827000 106.938004
14921.250000 175.293610 0.827000 107.039001
14943.250000 175.498306 0.827000 107.147003
14954.625000 175.702484 0.827000 107.251999
14968.625000 175.907272 0.827000 107.345001
14984.875000 176.111526 0.827000 107.439003
14997.875000 176.325424 0.827000 107.542000
15012.250000 176.533005 0.827000 107.641998
15030.000000 176.734222 0.827000 107.741997
15048.625000 176.734222 0.827000 107.836998
15070.250000 176.975662 0.839000 107.947998
15087.250000 177.175705 0.839000 108.042000
15107.500000 177.375809 0.839000 108.123001
15123.750000 177.613174 0.839000 108.250999
15137.250000 177.822906 0.839000 108.336998
15153.625000 178.032288 0.839000 108.436996
15169.125000 178.233749 0.839000 108.542000
15189.000000 178.440796 0.839000 108.641998
15209.000000 178.643982 0.839000 108.748001
15224.500000 178.851791 0.839000 108.849998
15253.375000 179.054352 0.852000 108.945000
15269.500000 179.269547 0.852000 109.051003
15290.375000 179.477646 0.852000 109.155998
15308.375000 179.678864 0.852000 109.250999
15325.250000 179.881943 0.852000 109.342003
15344.875000 180.083099 0.852000 109.442001
15363.625000 180.284241 0.852000 109.542000
15383.875000 180.485428 0.852000 109.641998
15399.875000 180.692429 0.852000 109.750000
15418.500000 180.901688 0.852000 109.844002
15435.375000 180.901688 0.915000 109.942001
15449.625000 181.118851 0.915000 110.046997
15464.125000 181.340378 0.915000 110.141998
15476.500000 181.541382 0.915000 110.241997
15490.125000 181.742599 0.915000 110.342003
15507.250000 181.943817 0.915000 110.456001
15520.125000 182.183517 0.915000 110.552002
15533.750000 182.386627 0.915000 110.652000
15545.750000 182.587860 0.915000 110.757004
15556.625000 182.807343 0.915000 110.845001
15573.750000 183.008850 0.879000 110.941002
15590.250000 183.215164 0.879000 111.041000
15603.375000 183.415909 0.879000 111.140999
15615.875000 183.616913 0.879000 111.246002
15628.375000 183.817993 0.879000 111.346001
15642.750000 184.019119 0.879000 111.445999
15654.750000 184.220398 0.879000 111.544998
15666.500000 184.421188 0.879000 111.644997
15677.250000 184.630569 0.879000 111.746002
15693.125000 184.836029 0.879000 111.845001
15718.750000 185.040802 0.879000 111.950996
15741.875000 185.245453 0.948000 112.044998
15759.375000 185.408478 0.948000 112.144997
15778.625000 185.408478 0.948000 112.245003
15795.375000 185.537659 0.948000 112.345001
15811.625000 185.633774 0.948000 112.445000
15824.500000 185.697189 0.948000 112.540001
15833.250000 185.727722 0.948000 112.644997
15837.750000 185.730499 0.948000 112.745003
15842.375000 185.730499 0.948000 112.853996
15850.625000 185.730499 0.921000 112.954002
15858.500000 185.730499 0.921000 113.054001
15865.125000 185.730499 0.921000 113.153999
15871.125000 185.730499 0.921000 113.253998
15873.500000 185.730499 0.921000 113.353996
15877.000000 185.730499 0.921000 113.454002
15880.250000 185.732330 0.921000 113.544998
15895.875000 185.732330 0.921000 113.644997
15897.250000 185.775406 0.921000 113.764999
15900.625000 185.775406 0.921000 113.834999
15904.250000 185.775406 0.789000 113.945000
15907.875000 185.849274 0.789000 114.044998
15910.125000 185.849274 0.789000 114.144997
15913.375000 186.052902 0.789000 114.239998
15916.000000 186.052902 0.789000 114.352997
15918.750000 186.259933 0.789000 114.453003
15921.750000 186.471802 0.789000 114.553001
15924.750000 186.677429 0.789000 114.647003
15927.625000 186.878189 0.789000 114.745003
15931.125000 187.079559 0.789000 114.845001
15937.125000 187.284653 0.788000 114.950996
15940.250000 187.284653 0.788000 115.044998
15942.625000 187.518173 0.788000 115.144997
15945.375000 187.725510 0.788000 115.242996
15949.000000 187.926880 0.788000 115.345001
15953.000000 188.128235 0.788000 115.445000
15957.000000 188.329208 0.788000 115.544998
15959.000000 188.530685 0.788000 115.644997
15961.250000 188.731735 0.788000 115.745003
15965.750000 188.932983 0.788000 115.839996
15969.500000 189.136108 0.816000 115.945000
15970.750000 189.345383 0.816000 116.044998
15975.125000 189.546783 0.816000 116.144997
15977.375000 189.748032 0.816000 116.245003
15982.000000 189.949310 0.816000 116.339996
15986.750000 190.160706 0.816000 116.445000
15989.750000 190.362289 0.816000 116.544998
15993.875000 190.563660 0.816000 116.644997
15999.125000 190.764572 0.816000 116.745003
16004.000000 190.965820 0.816000 116.848000
16044.625000 191.173386 0.861000 116.945000
16049.250000 191.379745 0.861000 117.042999
16055.125000 191.588043 0.861000 117.153000
16060.500000 191.789307 0.861000 117.242996
16066.875000 191.990585 0.861000 117.349998
16073.125000 192.192291 0.861000 117.443001
16082.500000 192.395706 0.861000 117.554001
16090.375000 192.607086 0.861000 117.649002
16099.000000 192.816315 0.861000 117.755997
16107.375000 193.017853 0.861000 117.848999
16126.000000 193.219009 0.878000 117.947998
16133.375000 193.428314 0.878000 118.047997
16140.250000 193.630890 0.878000 118.153999
16147.375000 193.862335 0.878000 118.248001
16154.125000 194.065521 0.878000 118.348000
16163.250000 194.268814 0.878000 118.445000
16171.500000 194.475967 0.878000 118.547997
16178.625000 194.677124 0.878000 118.638000
16184.500000 194.878372 0.878000 118.737999
16195.000000 195.085434 0.878000 118.844002
16208.750000 195.085434 0.833000 118.947998
16220.500000 195.292847 0.833000 119.049004
16224.500000 195.498154 0.833000 119.148003
16231.500000 195.498154 0.833000 119.242996
16238.125000 195.711670 0.833000 119.356003
16244.375000 195.922852 0.833000 119.456001
16248.625000 195.922852 0.833000 119.556000
16253.750000 196.126556 0.833000 119.648003
16259.125000 196.332840 0.833000 119.748001
16264.875000 196.542343 0.833000 119.843002
16275.250000 196.743576 0.878000 119.943001
16280.500000 196.959564 0.878000 120.047997
16286.875000 197.165009 0.878000 120.148003
16290.875000 197.398254 0.878000 120.242996
16294.875000 197.607376 0.878000 120.343002
16299.375000 197.809006 0.878000 120.447998
16306.250000 198.022476 0.878000 120.554001
16311.500000 198.232101 0.878000 120.649002
16318.750000 198.437531 0.878000 120.754997
16326.250000 198.638519 0.878000 120.855003
16333.125000 198.846191 0.874000 120.947998
16338.625000 199.046860 0.874000 121.047997
16342.250000 199.250214 0.874000 121.153999
16348.125000 199.451462 0.874000 121.253998
16352.250000 199.654572 0.874000 121.355003
16356.625000 199.855835 0.874000 121.455002
16361.875000 200.063065 0.874000 121.553001
16367.500000 200.264343 0.874000 121.648003
16372.375000 200.465576 0.874000 121.748001
16377.625000 200.666779 0.874000 121.848000
16386.125000 200.666779 0.878000 121.947998
16391.250000 200.903915 0.878000 122.047997
16396.750000 201.108261 0.878000 122.148003
16401.000000 201.315369 0.878000 122.248001
16405.125000 201.516586 0.878000 122.358002
16409.875000 201.724182 0.878000 122.446999
16415.750000 201.927887 0.878000 122.551003
16420.750000 202.133362 0.878000 122.646004
16424.875000 202.338608 0.878000 122.750999
16430.375000 202.540054 0.878000 122.850998
16436.375000 202.741180 0.855000 122.950996
16440.250000 202.944290 0.855000 123.051003
16445.500000 203.152618 0.855000 123.151001
16450.500000 203.354004 0.855000 123.246002
16454.500000 203.555084 0.855000 123.346001
16458.250000 203.756210 0.855000 123.445999
16462.875000 203.969482 0.855000 123.556999
16466.875000 204.170609 0.855000 123.651001
16471.250000 204.371979 0.855000 123.750999
16477.000000 204.581329 0.855000 123.850998
16485.750000 204.782211 0.746000 123.950996
16490.750000 204.990234 0.746000 124.054001
16495.375000 205.209457 0.746000 124.154999
16500.875000 205.428879 0.746000 124.249001
16506.625000 205.640106 0.746000 124.353996
16512.750000 205.841339 0.746000 124.448997
16517.750000 206.042343 0.746000 124.549004
16524.625000 206.245285 0.746000 124.655998
16531.750000 206.446320 0.746000 124.750000
16539.500000 206.649155 0.746000 124.859001
16546.375000 206.649155 0.764000 124.954002
16560.375000 206.852432 0.764000 125.039001
16564.875000 207.057159 0.764000 125.152000
16570.625000 207.057159 0.764000 125.251999
16575.500000 207.262680 0.764000 125.347000
16581.000000 207.471619 0.764000 125.452003
16588.000000 207.680191 0.764000 125.555000
16596.750000 207.887421 0.764000 125.648003
16605.000000 208.088654 0.764000 125.748001
16612.500000 208.294189 0.764000 125.852997
16618.500000 208.495316 0.764000 125.949997
16628.375000 208.696838 0.812000 126.050003
16636.375000 208.898087 0.812000 126.150002
16644.125000 209.099701 0.812000 126.250000
16653.750000 209.300949 0.812000 126.349998
16663.375000 209.502396 0.812000 126.449997
16674.750000 209.705963 0.812000 126.559998
16688.375000 209.915436 0.812000 126.650002
16705.125000 210.122742 0.812000 126.764999
16726.000000 210.323914 0.713000 126.858002
16747.875000 210.525391 0.713000 126.958000
16773.625000 210.730515 0.713000 127.050003
16790.875000 210.937363 0.713000 127.152000
16813.000000 211.146393 0.713000 127.251999
16832.375000 211.347458 0.713000 127.351997
16847.875000 211.548584 0.713000 127.452003
16864.500000 211.749985 0.713000 127.552002
16880.875000 211.951340 0.713000 127.652000
16898.750000 212.154495 0.713000 127.758003
16911.875000 212.154495 0.713000 127.847000
16928.375000 212.363770 0.792000 127.952003
16942.375000 212.565063 0.792000 128.052002
16956.750000 212.796616 0.792000 128.156998
16968.250000 213.007965 0.792000 128.246994
16979.250000 213.219482 0.792000 128.347000
16990.500000 213.440872 0.792000 128.455994
17003.750000 213.642365 0.792000 128.550995
17019.500000 213.851883 0.792000 128.651001
17031.625000 214.053375 0.792000 128.751999
17043.000000 214.256622 0.792000 128.852005
17059.250000 214.467834 0.798000 128.951004
17072.125000 214.676956 0.798000 129.046005
17083.625000 214.878189 0.798000 129.151001
17095.250000 215.079544 0.798000 129.251007
17105.625000 215.280670 0.798000 129.350998
17115.375000 215.481705 0.798000 129.451004
17125.375000 215.683212 0.798000 129.552994
17136.750000 215.884430 0.798000 129.656006
17148.500000 216.085571 0.798000 129.755997
17159.000000 216.286972 0.798000 129.850998
17171.875000 216.488251 0.730000 129.945999
17180.250000 216.694336 0.730000 130.046005
17189.000000 216.895859 0.730000 130.151001
17199.625000 217.097351 0.730000 130.251007
17208.625000 217.298447 0.730000 130.345993
17220.000000 217.500214 0.730000 130.455994
17229.250000 217.701080 0.730000 130.550995
17238.625000 217.910797 0.730000 130.651001
17247.750000 218.113739 0.730000 130.748001
17263.125000 218.315491 0.730000 130.850998
17274.000000 218.516754 0.713000 130.951004
17282.875000 218.718002 0.713000 131.056000
17292.375000 218.939255 0.713000 131.145996
17302.000000 219.140381 0.713000 131.251007
17315.375000 219.343521 0.713000 131.356995
17327.625000 219.554703 0.713000 131.451996
17337.625000 219.755798 0.713000 131.552002
17345.625000 219.956894 0.713000 131.647003
17353.000000 220.168213 0.713000 131.751999
17360.375000 220.369095 0.713000 131.852005
17369.375000 220.572189 0.801000 131.951996
17378.375000 220.775650 0.801000 132.059006
17385.875000 220.977020 0.801000 132.141998
17397.125000 221.190887 0.801000 132.246994
17407.125000 221.398087 0.801000 132.358002
17419.375000 221.398087 0.801000 132.447006
17428.750000 221.812759 0.801000 132.559006
17443.125000 221.812759 0.801000 132.647003
17453.375000 222.019928 0.801000 132.751999
17468.500000 222.230957 0.801000 132.852005
17480.000000 222.651535 0.801000 132.970993
17492.625000 222.651535 0.846000 133.050995
17505.125000 222.852997 0.846000 133.151001
17515.000000 223.054474 0.846000 133.251007
17527.375000 223.255600 0.846000 133.350998
17538.000000 223.456711 0.846000 133.451004
17546.125000 223.657669 0.846000 133.550995
17553.875000 223.860886 0.846000 133.651001
17564.750000 224.070328 0.846000 133.751007
17583.375000 224.273697 0.846000 133.850998
17596.625000 224.483093 0.814000 133.951004
17608.375000 224.692215 0.814000 134.070007
17615.000000 224.899658 0.814000 134.158005
17623.625000 225.100891 0.814000 134.251007
17635.250000 225.324738 0.814000 134.350998
17644.125000 225.530304 0.814000 134.457001
17652.375000 225.733292 0.814000 134.550995
17667.750000 225.942932 0.814000 134.662003
17681.625000 226.145981 0.814000 134.751007
17694.250000 226.355499 0.814000 134.852005
17704.500000 226.556732 0.814000 134.951004
17719.250000 226.758362 0.879000 135.050995
17733.875000 226.961746 0.879000 135.151001
17745.625000 227.171005 0.879000 135.251007
17757.250000 227.412384 0.879000 135.356003
17767.500000 227.613403 0.879000 135.451996
17777.750000 227.814423 0.879000 135.550995
17788.750000 228.019821 0.879000 135.651001
17800.875000 228.227142 0.879000 135.751007
17810.125000 228.428177 0.879000 135.850998
17820.500000 228.629181 0.879000 135.960999
17833.875000 228.834854 0.887000 136.059006
17846.750000 229.042999 0.887000 136.151993
17854.875000 229.042999 0.887000 136.251007
17863.875000 229.272339 0.887000 136.350998
17873.250000 229.475754 0.887000 136.451004
17883.875000 229.678925 0.887000 136.556000
17891.375000 229.887939 0.887000 136.651001
17898.625000 230.099594 0.887000 136.751007
17908.000000 230.308960 0.887000 136.850998
17916.625000 230.516556 0.887000 136.951996
17929.000000 230.718079 0.877000 137.016998
17941.000000 230.925262 0.877000 137.151993
17948.875000 231.138123 0.877000 137.251999
17955.750000 231.347458 0.877000 137.352005
17965.375000 231.550781 0.877000 137.447006
17971.250000 231.760086 0.877000 137.546997
17986.375000 231.963226 0.877000 137.653000
18001.250000 232.164825 0.877000 137.753998
18009.250000 232.365906 0.877000 137.848999
18018.625000 232.566864 0.877000 137.953003
18028.000000 232.768112 0.842000 138.052994
18040.000000 232.968155 0.842000 138.162003
18048.375000 233.174667 0.842000 138.261993
18054.000000 233.375793 0.842000 138.362000
18060.625000 233.581070 0.842000 138.453003
18066.750000 233.782333 0.842000 138.557007
18073.125000 233.990158 0.842000 138.662003
18078.875000 234.191147 0.842000 138.761993
18087.125000 234.392517 0.842000 138.862000
18094.375000 234.593750 0.842000 138.962006
18111.500000 234.795120 0.855000 139.061996
18119.875000 235.003906 0.855000 139.162003
18130.875000 235.205246 0.855000 139.261993
18142.750000 235.405609 0.855000 139.356995
18151.500000 235.606720 0.855000 139.451996
18160.875000 235.809738 0.855000 139.557999
18168.125000 236.024734 0.855000 139.651993
18175.125000 236.230148 0.855000 139.751999
18184.875000 236.435364 0.855000 139.852005
18192.250000 236.642654 0.855000 139.951996
18210.375000 236.642654 0.832000 140.052002
18221.000000 236.859543 0.832000 140.151993
18230.750000 237.062744 0.832000 140.261993
18237.375000 237.322464 0.832000 140.356995
18245.000000 237.528046 0.832000 140.451996
18252.375000 237.729050 0.832000 140.557007
18262.625000 237.930420 0.832000 140.666000
18269.625000 238.139450 0.832000 140.757996
18277.500000 238.344940 0.832000 140.852005
18286.125000 238.554260 0.832000 140.966995
18301.375000 238.755386 0.866000 141.067001
18310.000000 238.961578 0.866000 141.162003
18316.500000 239.172897 0.866000 141.257004
18326.250000 239.376160 0.866000 141.352005
18337.750000 239.577271 0.866000 141.451996
18344.375000 239.786453 0.866000 141.542007
18350.125000 240.007721 0.866000 141.651993
18355.875000 240.208939 0.866000 141.746994
18369.375000 240.410431 0.866000 141.852997
18379.625000 240.613586 0.866000 141.951996
18386.375000 240.821350 0.842000 142.052002
18393.375000 241.030563 0.842000 142.151993
18401.625000 241.237885 0.842000 142.251999
18408.500000 241.439560 0.842000 142.362000
18413.750000 241.640839 0.842000 142.457001
18419.375000 241.850571 0.842000 142.561005
18428.375000 242.051804 0.842000 142.660995
18435.125000 242.254974 0.842000 142.751999
18441.500000 242.456512 0.842000 142.862000
18448.375000 242.658524 0.842000 142.957993
18461.250000 242.844299 0.874000 143.072006
18469.000000 242.844299 0.874000 143.158005
18476.500000 243.022690 0.874000 143.251999
18481.125000 243.022690 0.874000 143.354004
18484.250000 243.220352 0.874000 143.442993
18488.375000 243.220352 0.874000 143.552994
18492.375000 243.430496 0.874000 143.662994
18496.125000 243.430496 0.874000 143.748001
18498.750000 243.637131 0.874000 143.852997
18503.875000 243.842651 0.874000 143.953003
18537.750000 243.842651 0.862000 144.057999
18542.625000 244.052734 0.862000 144.153000
18545.375000 244.258835 0.862000 144.253006
18550.500000 244.459442 0.862000 144.358002
18552.375000 244.668381 0.862000 144.460999
18556.250000 244.876282 0.862000 144.561005
18561.250000 245.077652 0.862000 144.660995
18563.750000 245.278992 0.862000 144.761002
18567.250000 245.480225 0.862000 144.860992
18570.375000 245.681717 0.862000 144.960999
18582.500000 245.886841 0.867000 145.061005
18587.125000 246.095032 0.867000 145.160995
18591.375000 246.304657 0.867000 145.270996
18596.250000 246.511780 0.867000 145.352997
18600.125000 246.721146 0.867000 145.438004
18605.125000 246.944168 0.867000 145.548004
18610.500000 247.153290 0.867000 145.654007
18614.125000 247.354721 0.867000 145.764008
18618.500000 247.555786 0.867000 145.852997
18622.625000 247.757446 0.867000 145.968002
18628.375000 247.958679 0.789000 146.052994
18631.500000 248.159836 0.789000 146.153000
18635.500000 248.361099 0.789000 146.257996
18639.500000 248.562363 0.789000 146.348007
18643.125000 248.763489 0.789000 146.453003
18645.625000 248.968872 0.789000 146.565002
18649.500000 249.180099 0.789000 146.660004
18652.375000 249.385498 0.789000 146.761993
18665.500000 249.591339 0.789000 146.858002
18670.000000 249.591339 0.789000 146.919998
18677.125000 249.786255 0.789000 147.020996
18683.125000 249.954254 0.858000 147.156006
18689.375000 250.075302 0.858000 147.255997
18691.250000 250.170914 0.858000 147.356003
18693.625000 250.170914 0.858000 147.460999
18697.000000 250.232300 0.858000 147.520996
18699.250000 250.232300 0.858000 147.656006
18700.250000 250.244156 0.858000 147.753006
18701.250000 250.244156 0.858000 147.856003
18702.500000 250.279968 0.858000 147.955994
18704.375000 250.279968 0.857000 148.056000
18707.000000 250.279968 0.857000 148.121002
18709.875000 250.279968 0.857000 148.255997
18715.750000 250.482315 0.857000 148.356003
18720.750000 250.682404 0.857000 148.457001
18727.875000 250.682404 0.857000 148.520996
18733.625000 250.885681 0.857000 148.619995
18742.000000 251.091476 0.857000 148.751007
18752.875000 251.292877 0.857000 148.856003
18760.875000 251.494339 0.857000 148.951004
18766.500000 251.721741 0.831000 149.033997
18774.625000 251.936493 0.831000 149.117004
18781.000000 252.147690 0.831000 149.255997
18786.500000 252.348755 0.831000 149.356995
18793.125000 252.549728 0.831000 149.455994
18798.000000 252.751251 0.831000 149.550995
18802.250000 252.952362 0.831000 149.656998
18807.125000 253.155579 0.831000 149.761993
18812.375000 253.358826 0.831000 149.856995
18817.375000 253.563950 0.831000 149.957001
18821.625000 253.769577 0.866000 150.057999
18828.125000 253.970718 0.866000 150.162003
18832.250000 254.175598 0.866000 150.264008
18836.000000 254.376968 0.866000 150.363998
18840.500000 254.578201 0.866000 150.464005
18843.625000 254.781326 0.866000 150.529999
18846.875000 254.982452 0.866000 150.625000
18851.000000 255.183838 0.866000 150.764999
18854.625000 255.389252 0.866000 150.856995
18857.000000 255.590576 0.866000 150.921997
18861.875000 255.791382 0.866000 151.057007
18879.875000 255.994568 0.957000 151.156998
18884.375000 256.202118 0.957000 151.257004
18889.750000 256.403442 0.957000 151.358002
18894.000000 256.604675 0.957000 151.457001
18897.125000 256.805939 0.957000 151.511993
18902.375000 257.006958 0.957000 151.651993
18905.250000 257.210480 0.957000 151.751999
18909.125000 257.423798 0.957000 151.856995
18914.750000 257.635101 0.957000 151.957001
18918.750000 257.844757 0.957000 152.059006
18925.125000 258.045471 0.880000 152.158005
18928.000000 258.045471 0.880000 152.212997
18931.875000 258.483856 0.880000 152.356003
18935.250000 258.685120 0.880000 152.455994
18938.375000 258.886475 0.880000 152.556000
18941.125000 259.087677 0.880000 152.660995
18943.000000 259.289215 0.880000 152.755997
18947.000000 259.490662 0.880000 152.856003
18949.000000 259.490662 0.880000 152.921005
18953.875000 259.903748 0.880000 153.061005
18961.250000 259.903748 0.866000 153.112000
18965.125000 260.307495 0.866000 153.264008
18969.750000 260.307495 0.866000 153.358002
18972.000000 260.516846 0.866000 153.457993
18976.000000 260.718353 0.866000 153.559006
18978.875000 260.961792 0.866000 153.658005
18989.750000 261.172119 0.866000 153.723999
18993.000000 261.377075 0.866000 153.858002
18995.250000 261.602814 0.866000 153.953003
18997.250000 261.807953 0.866000 154.057999
18999.875000 261.807953 0.866000 154.117996
19006.750000 262.245392 0.924000 154.253998
19011.875000 262.245392 0.924000 154.358002
19015.000000 262.451965 0.924000 154.427994
19019.625000 262.653687 0.924000 154.559998
19021.875000 262.857880 0.924000 154.613007
19026.000000 263.069122 0.924000 154.757996
19031.250000 263.274170 0.924000 154.858002
19036.125000 263.475464 0.924000 154.959000
19039.750000 263.676636 0.924000 155.057999
19043.875000 263.877258 0.851000 155.158005
19047.750000 264.078522 0.851000 155.223007
19054.375000 264.279846 0.851000 155.363998
19059.375000 264.484955 0.851000 155.429993
19065.125000 264.692078 0.851000 155.559006
19068.000000 264.893372 0.851000 155.619003
19073.625000 265.102783 0.851000 155.757996
19078.250000 265.308014 0.851000 155.813004
19084.625000 265.517365 0.851000 155.957993
19089.000000 265.718567 0.851000 156.057999
19096.625000 265.926117 0.832000 156.117996
19101.875000 266.143707 0.832000 156.263000
19106.750000 266.348969 0.832000 156.363007
19111.875000 266.560333 0.832000 156.442993
19114.500000 266.560333 0.832000 156.518005
19120.500000 266.815582 0.832000 156.654999
19125.250000 267.232361 0.832000 156.768997
19131.250000 267.439819 0.832000 156.871994
19133.625000 267.439819 0.832000 156.914993
19137.750000 267.646973 0.832000 157.026001
19144.375000 267.878204 0.943000 157.154999
19149.000000 268.079468 0.943000 157.255005
19153.500000 268.280457 0.943000 157.360992
19158.875000 268.482025 0.943000 157.460007
19162.875000 268.682983 0.943000 157.524994
19170.625000 268.884399 0.943000 157.664993
19174.000000 269.087463 0.943000 157.714996
19179.000000 269.296722 0.943000 157.824997
19184.125000 269.500549 0.943000 157.955002
19193.500000 269.693085 0.943000 158.065994
19203.000000 269.855225 0.930000 158.166000
19206.875000 269.996094 0.930000 158.259995
19210.375000 269.996094 0.930000 158.320007
19213.500000 270.100006 0.930000 158.455994
19216.125000 270.100006 0.930000 158.544998
19218.375000 270.195862 0.930000 158.654999
19222.875000 270.195862 0.930000 158.720001
19224.625000 270.195862 0.930000 158.826004
19226.250000 270.339508 0.930000 158.919998
19229.500000 270.339508 0.930000 159.020004
19230.625000 270.339508 0.930000 159.115005
19232.250000 270.550262 0.893000 159.225006
19234.125000 270.550262 0.893000 159.324997
19237.875000 270.756042 0.893000 159.470001
19240.500000 270.957764 0.893000 159.529999
19242.500000 271.160004 0.893000 159.664993
19245.750000 271.368866 0.893000 159.714996
19248.625000 271.570007 0.893000 159.830002
19249.750000 271.781281 0.893000 159.929993
19251.625000 271.984467 0.893000 160.061996
19253.250000 272.187469 0.893000 160.132004
19256.875000 272.388580 0.956000 160.227005
19259.250000 272.595062 0.956000 160.322006
19263.250000 272.801941 0.956000 160.455002
19266.625000 273.003326 0.956000 160.524994
19269.375000 273.204620 0.956000 160.619995
19272.250000 273.405884 0.956000 160.720001
19273.250000 273.405884 0.956000 160.815002
19297.000000 273.607361 0.956000 160.919998
19313.375000 273.998352 0.956000 161.056000
19318.125000 273.998352 0.956000 161.110001
19322.375000 274.177948 0.883000 161.220001
19323.500000 274.177948 0.883000 161.360001
19327.125000 274.359528 0.883000 161.414993
19328.875000 274.359528 0.883000 161.520004
19330.875000 274.517029 0.883000 161.654999
19332.625000 274.517029 0.883000 161.720001
19334.750000 274.720123 0.883000 161.832001
19337.750000 274.720123 0.883000 161.927002
19339.625000 274.720123 0.883000 162.020004
19346.125000 274.920563 0.875000 162.169998
19347.875000 274.920563 0.875000 162.220001
19349.250000 275.146759 0.875000 162.320007
19351.500000 275.383545 0.875000 162.429993
19354.250000 275.586273 0.875000 162.529999
19356.000000 275.787537 0.875000 162.630005
19359.125000 275.988647 0.875000 162.725006
19363.750000 276.189789 0.875000 162.889999
19367.750000 276.391174 0.875000 162.914993
19370.875000 276.592163 0.875000 163.020004
19378.750000 276.793304 0.880000 163.119995
19382.875000 277.002930 0.880000 163.220993
19385.125000 277.204559 0.880000 163.320007
19390.750000 277.407959 0.880000 163.419998
19394.000000 277.619324 0.880000 163.526001
19396.500000 277.619324 0.880000 163.619995
19398.750000 278.056610 0.880000 163.755005
19400.625000 278.056610 0.880000 163.820007
19406.875000 278.472626 0.880000 163.960007
19410.375000 278.472626 0.880000 164.014999
19413.750000 278.706635 0.880000 164.130005
19422.750000 278.907837 0.940000 164.229996
19426.500000 278.907837 0.940000 164.330002
19429.250000 279.110168 0.940000 164.429993
19433.500000 279.319550 0.940000 164.529999
19435.875000 279.520538 0.940000 164.630005
19439.625000 279.721924 0.940000 164.729996
19442.750000 279.923187 0.940000 164.830002
19445.375000 280.124054 0.940000 164.929993
19449.500000 280.335144 0.940000 165.029007
19465.375000 280.544617 0.806000 165.123993
19470.125000 280.773224 0.806000 165.264008
19475.375000 280.975800 0.806000 165.324005
19480.125000 280.975800 0.806000 165.429001
19484.500000 281.183777 0.806000 165.533997
19490.625000 281.183777 0.806000 165.619995
19493.500000 281.407440 0.806000 165.720001
19497.125000 281.407440 0.806000 165.815002
19501.000000 281.640930 0.806000 165.919998
19506.250000 281.640930 0.806000 166.020004
19532.625000 281.868073 0.778000 166.119995
19537.375000 282.111969 0.778000 166.220001
19541.875000 282.326050 0.778000 166.315994
19547.000000 282.549805 0.778000 166.460007
19552.250000 282.750916 0.778000 166.589996
19557.375000 282.960175 0.778000 166.610001
19560.125000 283.161560 0.778000 166.720001
19562.250000 283.362976 0.778000 166.815002
19565.875000 283.566132 0.778000 166.917007
19571.875000 283.771362 0.778000 167.028000
19581.750000 283.976746 0.816000 167.119995
19588.000000 284.186615 0.816000 167.216003
19590.875000 284.389862 0.816000 167.354996
19593.125000 284.599426 0.816000 167.425003
19597.625000 284.800568 0.816000 167.520004
19599.625000 285.001923 0.816000 167.619995
19602.125000 285.203186 0.816000 167.759995
19604.750000 285.404663 0.816000 167.824997
19611.375000 285.609222 0.816000 167.927002
19613.000000 285.609222 0.816000 168.018997
19616.875000 285.816132 0.816000 168.121002
19620.375000 286.019135 0.854000 168.220001
19621.500000 286.019135 0.854000 168.320007
19624.250000 286.224548 0.854000 168.419998
19625.625000 286.224548 0.854000 168.529007
19628.375000 286.443726 0.854000 168.628998
19631.000000 286.647064 0.854000 168.725006
19634.250000 286.858154 0.854000 168.820007
19638.000000 287.059296 0.854000 168.919998
19642.000000 287.260529 0.854000 169.020004
19647.750000 287.486206 0.780000 169.128998
19651.250000 287.693298 0.780000 169.229004
19655.500000 287.894562 0.780000 169.328995
19658.750000 288.102020 0.780000 169.427002
19663.250000 288.303284 0.780000 169.526993
19666.375000 288.504303 0.780000 169.626999
19670.625000 288.707733 0.780000 169.723007
19674.750000 288.707733 0.780000 169.820999
19679.125000 288.943329 0.780000 169.921005
19683.875000 289.144470 0.780000 170.020004
19690.750000 289.386078 0.800000 170.119995
19695.500000 289.595856 0.800000 170.227005
19701.750000 289.796722 0.800000 170.326996
19708.375000 290.064392 0.800000 170.419998
19716.000000 290.265656 0.800000 170.526001
19723.500000 290.469116 0.800000 170.625000
19732.250000 290.680206 0.800000 170.720993
19739.875000 290.887482 0.800000 170.828995
19747.875000 291.094940 0.800000 170.927002
19757.750000 291.295837 0.800000 171.020004
19789.250000 291.502960 0.838000 171.121002
19799.625000 291.704041 0.838000 171.220001
19805.500000 291.704041 0.838000 171.320007
19813.875000 291.918182 0.838000 171.419998
19819.125000 292.125549 0.838000 171.520004
19824.625000 292.328918 0.838000 171.615005
19829.875000 292.576782 0.838000 171.729004
19839.375000 292.777405 0.838000 171.828995
19855.875000 292.977539 0.838000 171.929001
19859.625000 293.155579 0.720000 172.020004
19866.125000 293.296936 0.720000 172.119995
19871.250000 293.404938 0.720000 172.222000
19873.500000 293.479492 0.720000 172.324005
19878.250000 293.479492 0.720000 172.414993
19889.000000 293.524323 0.720000 172.554993
19891.000000 293.532257 0.720000 172.621002
19892.750000 293.532257 0.720000 172.720001
19895.250000 293.538269 0.720000 172.822998
19897.625000 293.538269 0.720000 172.925003
19898.625000 293.543488 0.720000 173.022003
19899.750000 293.543488 0.700000 173.126007
19901.750000 293.543488 0.700000 173.222000
19902.750000 293.596497 0.700000 173.322006
19903.250000 293.596497 0.700000 173.427002
19903.625000 293.596497 0.700000 173.524002
19905.000000 293.784210 0.700000 173.621994
19906.000000 293.784210 0.700000 173.712006
19908.625000 293.988129 0.700000 173.826996
19911.250000 294.189484 0.700000 173.921997
19913.000000 294.396606 0.653000 174.013000
19914.750000 294.602142 0.653000 174.121994
19917.250000 294.803101 0.653000 174.222000
19921.375000 295.004120 0.653000 174.322006
19924.750000 295.205353 0.653000 174.421997
19927.375000 295.414490 0.653000 174.522995
19929.000000 295.619873 0.653000 174.621994
19930.625000 295.825073 0.653000 174.729996
19932.375000 296.026306 0.653000 174.830002
19934.250000 296.235901 0.653000 174.923004
19942.250000 296.448364 0.650000 175.024994
19945.500000 296.448364 0.650000 175.123001
19960.375000 296.654663 0.650000 175.231995
19963.125000 296.884949 0.650000 175.324005
19966.250000 297.110565 0.650000 175.423004
19969.125000 297.315918 0.650000 175.522995
19970.500000 297.525024 0.650000 175.623993
19973.500000 297.726135 0.650000 175.723007
19977.625000 297.927368 0.650000 175.822998
19980.125000 298.128571 0.650000 175.929001
19982.375000 298.330017 0.650000 176.028000
19987.875000 298.530396 0.733000 176.130005
19990.000000 298.732361 0.733000 176.225998
19993.375000 298.945465 0.733000 176.324997
19995.375000 298.945465 0.733000 176.419006
19997.250000 299.146881 0.733000 176.518005
19999.500000 299.374481 0.733000 176.628006
20002.125000 299.575623 0.733000 176.737000
20004.500000 299.794769 0.733000 176.841995
20007.125000 300.018188 0.733000 176.923004
20010.375000 300.221832 0.733000 177.022995
20027.750000 300.431213 0.760000 177.123001
20031.375000 300.639709 0.760000 177.227997
20033.500000 300.869110 0.760000 177.324005
20036.250000 301.092590 0.760000 177.423004
20040.250000 301.313812 0.760000 177.528000
20043.625000 301.515198 0.760000 177.628006
20046.000000 301.716370 0.760000 177.727997
20048.250000 301.917603 0.760000 177.822998
20051.625000 302.118835 0.760000 177.923004
20055.000000 302.319946 0.760000 178.022995
20057.500000 302.526703 0.762000 178.125000
20060.750000 302.736420 0.762000 178.229996
20062.875000 302.945618 0.762000 178.322998
20066.000000 303.154907 0.762000 178.423004
20067.875000 303.356232 0.762000 178.528000
20070.000000 303.559357 0.762000 178.628006
20072.500000 303.766541 0.762000 178.737000
20075.500000 303.970764 0.762000 178.835007
20077.500000 303.970764 0.762000 178.927994
20080.375000 304.179321 0.742000 179.028000
20082.375000 304.380493 0.742000 179.132996
20084.625000 304.581543 0.742000 179.227997
20087.125000 304.802765 0.742000 179.324997
20089.000000 305.003906 0.742000 179.432999
20090.625000 305.227356 0.742000 179.528000
20094.000000 305.446350 0.742000 179.628006
20095.750000 305.657959 0.742000 179.738007
20098.000000 305.859192 0.742000 179.837997
20100.000000 306.060577 0.742000 179.938004
20102.625000 306.261841 0.722000 180.037994
20106.000000 306.502930 0.722000 180.143005
20109.125000 306.708618 0.722000 180.240005
20112.500000 306.909515 0.722000 180.339996
20114.250000 307.120789 0.722000 180.434998
20117.250000 307.321960 0.722000 180.529999
20120.500000 307.523376 0.722000 180.630005
20122.375000 307.724121 0.722000 180.725006
20128.750000 307.926178 0.722000 180.830002
20133.750000 307.926178 0.722000 180.919998
20136.375000 308.116669 0.722000 181.024994
20139.000000 308.319946 0.763000 181.130005
20140.250000 308.449341 0.763000 181.229996
20142.375000 308.449341 0.763000 181.335007
20146.250000 308.538177 0.763000 181.432007
20150.000000 308.538177 0.763000 181.529999
20150.500000 308.584595 0.763000 181.630005
20151.875000 308.584595 0.763000 181.733994
20153.750000 308.612579 0.763000 181.828003
20154.875000 308.615723 0.763000 181.936996
20156.500000 308.615723 0.703000 182.035004
20159.125000 308.615723 0.703000 182.130005
20161.375000 308.615723 0.703000 182.229996
20164.250000 308.615723 0.703000 182.335007
20167.000000 308.615723 0.703000 182.429993
20169.625000 308.615723 0.703000 182.529999
20170.750000 308.615723 0.703000 182.636002
20177.500000 308.615723 0.703000 182.742004
20181.250000 308.615723 0.703000 182.835007
20186.750000 308.615723 0.703000 182.934998
20188.500000 308.615723 0.666000 183.035004
20192.750000 308.615723 0.666000 183.134995
20199.250000 308.615723 0.666000 183.229996
20211.625000 308.615723 0.666000 183.335007
20212.125000 308.615723 0.666000 183.434998
20212.375000 308.615723 0.666000 183.529999
20212.375000 308.615723 0.666000 183.630005
20213.375000 308.692017 0.666000 183.729996
20214.625000 308.715515 0.666000 183.835007
20216.500000 308.716522 0.666000 183.945007
20217.125000 308.716522 0.660000 184.035995
20217.500000 308.716522 0.660000 184.136993
20217.625000 308.716736 0.660000 184.235001
20218.625000 308.716736 0.660000 184.335999
20219.000000 308.717468 0.660000 184.436996
20219.375000 308.717468 0.660000 184.535004
20220.375000 308.728668 0.660000 184.634995
20220.750000 308.728668 0.660000 184.735001
20221.125000 308.728668 0.660000 184.832001
20221.875000 308.728668 0.660000 184.934998
20223.250000 308.929993 0.663000 185.035004
20223.875000 308.929993 0.663000 185.130997
20225.125000 309.134430 0.663000 185.231003
20226.625000 309.339905 0.663000 185.330994
20228.250000 309.561554 0.663000 185.431000
20230.125000 309.766663 0.663000 185.531006
20231.750000 309.984558 0.663000 185.636993
20237.875000 310.188080 0.663000 185.735992
20240.875000 310.380096 0.663000 185.835999
20245.875000 310.380096 0.641000 185.940002
20247.875000 310.581116 0.641000 186.035995
20250.875000 310.700989 0.641000 186.136002
20252.750000 310.782288 0.641000 186.235992
20254.000000 310.831604 0.641000 186.339005
20259.750000 310.831604 0.641000 186.436005
20261.250000 310.846313 0.641000 186.537994
20262.625000 310.846313 0.641000 186.639999
20263.125000 310.846313 0.641000 186.742996
20267.250000 310.846313 0.641000 186.843002
20276.625000 310.846313 0.641000 186.942993
20278.250000 310.846313 0.696000 187.042999
20280.375000 310.846313 0.696000 187.143005
20280.375000 310.846313 0.696000 187.242996
20284.500000 310.846313 0.696000 187.335007
20287.500000 310.846313 0.696000 187.440994
20288.625000 310.846313 0.696000 187.535004
20288.750000 310.846313 0.696000 187.641998
20289.250000 310.850098 0.696000 187.744003
20289.500000 310.850098 0.696000 187.843994
20290.625000 310.853455 0.696000 187.944000
20294.250000 310.853455 0.653000 188.044006
20294.625000 310.882935 0.653000 188.143997
20295.000000 310.882935 0.653000 188.248993
20295.500000 310.882935 0.653000 188.335007
20295.875000 310.882935 0.653000 188.440002
20296.875000 311.085083 0.653000 188.546997
20297.750000 311.085083 0.653000 188.636002
20298.625000 311.287415 0.653000 188.731003
20299.750000 311.494659 0.653000 188.845993
20300.500000 311.711975 0.607000 188.955994
20301.500000 311.933105 0.607000 189.046005
20303.750000 312.164368 0.607000 189.151001
20304.250000 312.365753 0.607000 189.246002
20304.875000 312.567261 0.607000 189.345993
20305.000000 312.768372 0.607000 189.451004
20305.500000 312.969635 0.607000 189.550995
20306.125000 313.170898 0.607000 189.645996
20306.125000 313.372131 0.607000 189.746002
20306.875000 313.579132 0.607000 189.837997
20308.250000 313.788574 0.607000 189.938004
20309.625000 313.990143 0.637000 190.037994
20310.500000 314.191406 0.637000 190.138000
20310.875000 314.392426 0.637000 190.238007
20313.125000 314.593353 0.637000 190.337997
20313.625000 314.593353 0.637000 190.436005
20314.875000 315.001495 0.637000 190.556000
20315.875000 315.202789 0.637000 190.645996
20316.875000 315.202789 0.637000 190.738007
20320.875000 315.408234 0.637000 190.843002
20321.875000 315.610931 0.637000 190.942001
20323.000000 315.818512 0.646000 191.037994
20324.625000 316.030396 0.646000 191.138000
20326.125000 316.232178 0.646000 191.238007
20326.750000 316.433167 0.646000 191.343002
20328.625000 316.634277 0.646000 191.438004
20329.250000 316.839050 0.646000 191.535004
20330.250000 317.042053 0.646000 191.639999
20331.625000 317.042053 0.646000 191.740005
20332.875000 317.262817 0.646000 191.835007
20335.250000 317.415527 0.646000 191.940002
20336.500000 317.543243 0.641000 192.048996
20337.625000 317.632996 0.641000 192.143997
20338.250000 317.685059 0.641000 192.248993
20338.750000 317.704163 0.641000 192.348999
20339.125000 317.704163 0.641000 192.453995
20339.500000 317.704163 0.641000 192.550003
20341.500000 317.704163 0.641000 192.649994
20341.875000 317.704163 0.641000 192.750000
20342.375000 317.704163 0.641000 192.850006
20343.000000 317.704163 0.641000 192.949997
20343.250000 317.704163 0.613000 193.046005
20344.000000 317.704163 0.613000 193.134995
20344.250000 317.704163 0.613000 193.235001
20344.375000 317.718323 0.613000 193.330002
20344.750000 317.718323 0.613000 193.434998
20344.875000 317.718323 0.613000 193.535004
20345.500000 317.937531 0.613000 193.639999
20345.500000 317.937531 0.613000 193.729996
20346.125000 318.141724 0.613000 193.835007
20346.375000 318.354675 0.613000 193.936005
20348.375000 318.555115 0.615000 194.039993
20348.875000 318.761932 0.615000 194.139999
20349.375000 318.963013 0.615000 194.240005
20349.625000 319.164612 0.615000 194.339996
20350.625000 319.371796 0.615000 194.442993
20350.875000 319.575073 0.615000 194.537994
20351.250000 319.776794 0.615000 194.643997
20351.875000 319.985901 0.615000 194.738998
20352.250000 320.186920 0.615000 194.837997
20352.875000 320.388184 0.615000 194.938004
20353.625000 320.595764 0.628000 195.037994
20354.125000 320.796753 0.628000 195.139999
20354.625000 321.005829 0.628000 195.244003
20354.875000 321.005829 0.628000 195.339996
20355.125000 321.207306 0.628000 195.438995
20355.250000 321.408600 0.628000 195.539001
20355.625000 321.619965 0.628000 195.643997
20355.875000 321.851562 0.628000 195.740005
20356.000000 322.072693 0.628000 195.839005
20356.375000 322.273895 0.628000 195.940002
20356.625000 322.495483 0.610000 196.050003
20357.125000 322.698608 0.610000 196.149994
20357.250000 322.958344 0.610000 196.240005
20357.500000 323.159576 0.610000 196.343994
20357.875000 323.361053 0.610000 196.438995
20358.000000 323.562195 0.610000 196.539001
20358.750000 323.763550 0.610000 196.634003
20359.500000 323.964508 0.610000 196.738998
20360.250000 324.175995 0.610000 196.839005
20360.875000 324.393463 0.610000 196.947006
20361.875000 324.594849 0.601000 197.046997
20362.125000 324.800018 0.601000 197.139008
20362.500000 325.001343 0.601000 197.238998
20363.125000 325.202576 0.601000 197.339005
20363.875000 325.403870 0.601000 197.438995
20365.000000 325.605133 0.601000 197.539001
20365.250000 325.806519 0.601000 197.641006
20366.125000 326.009796 0.601000 197.738998
20366.500000 326.219391 0.601000 197.834000
20368.375000 326.420837 0.601000 197.938995
20376.875000 326.624634 0.646000 198.039001
20377.750000 326.825775 0.646000 198.139008
20378.625000 327.026886 0.646000 198.238998
20379.500000 327.227997 0.646000 198.339005
20380.500000 327.429291 0.646000 198.438995
20380.750000 327.630646 0.646000 198.539001
20382.000000 327.831757 0.646000 198.639008
20383.125000 328.032410 0.646000 198.748993
20383.750000 328.233398 0.646000 198.848999
20384.125000 328.434509 0.646000 198.949005
20395.875000 328.635498 0.676000 199.048996
20397.250000 328.845093 0.676000 199.149002
20398.750000 329.046204 0.676000 199.248993
20399.875000 329.247711 0.676000 199.354004
20400.250000 329.449066 0.676000 199.449005
20401.500000 329.650299 0.676000 199.548996
20403.000000 329.851379 0.676000 199.643997
20403.250000 329.851379 0.676000 199.738998
20404.500000 330.092896 0.676000 199.839005
20405.750000 330.298248 0.676000 199.940002
20406.500000 330.525818 0.708000 200.039001
20407.125000 330.726715 0.708000 200.128998
20407.250000 330.927826 0.708000 200.248993
20408.000000 331.128967 0.708000 200.348999
20408.250000 331.378418 0.708000 200.447998
20408.500000 331.583588 0.708000 200.542999
20409.250000 331.784882 0.708000 200.634995
20409.875000 331.986176 0.708000 200.740005
20410.625000 332.187531 0.708000 200.839996
20412.125000 332.408905 0.708000 200.940002
20413.625000 332.610168 0.703000 201.035004
20415.125000 332.820007 0.703000 201.134995
20415.875000 333.027222 0.703000 201.238007
20417.125000 333.228210 0.703000 201.348007
20418.875000 333.433350 0.703000 201.440002
20421.500000 333.634705 0.703000 201.535004
20422.375000 333.837646 0.703000 201.634995
20425.625000 334.040863 0.703000 201.738007
20426.750000 334.040863 0.703000 201.835999
20430.750000 334.228333 0.703000 201.936005
20435.375000 334.396484 0.659000 202.044998
20435.750000 334.522491 0.659000 202.145004
20440.500000 334.622925 0.659000 202.244995
20442.125000 334.672852 0.659000 202.345001
20442.625000 334.672852 0.659000 202.449997
20443.750000 334.690826 0.659000 202.544998
20444.375000 334.690826 0.659000 202.649994
20444.625000 334.698944 0.659000 202.744995
20444.750000 334.698944 0.659000 202.837997
20445.000000 334.698944 0.659000 202.936996
20445.500000 334.720764 0.696000 203.037994
20446.500000 334.720764 0.696000 203.136993
20446.625000 334.720764 0.696000 203.238007
20446.875000 334.720764 0.696000 203.337006
20447.750000 334.848022 0.696000 203.436996
20448.000000 334.848022 0.696000 203.537003
20448.375000 335.054626 0.696000 203.643005
20448.625000 335.254822 0.696000 203.748001
20449.125000 335.492188 0.696000 203.852997
20450.000000 335.702179 0.696000 203.947998
20451.375000 335.903534 0.671000 204.048004
20451.500000 336.107605 0.671000 204.145004
20451.750000 336.309113 0.671000 204.240005
20452.000000 336.510132 0.671000 204.345001
20452.250000 336.711334 0.671000 204.434998
20452.625000 336.912262 0.671000 204.539993
20453.375000 337.115570 0.671000 204.641998
20453.625000 337.324524 0.671000 204.740005
20454.250000 337.525787 0.671000 204.839996
20454.625000 337.732849 0.671000 204.942993
20456.750000 337.936188 0.723000 205.044006
20457.250000 337.936188 0.723000 205.139999
20458.125000 338.136597 0.723000 205.238998
20458.375000 338.349884 0.723000 205.335999
20459.000000 338.599335 0.723000 205.438995
20459.250000 338.830627 0.723000 205.539001
20460.625000 339.031860 0.723000 205.649002
20461.250000 339.233215 0.723000 205.740005
20462.000000 339.442596 0.723000 205.839005
20462.750000 339.675995 0.723000 205.938995
20463.375000 339.886932 0.686000 206.039001
20464.500000 340.088196 0.686000 206.139008
20465.125000 340.299561 0.686000 206.238998
20465.750000 340.500641 0.686000 206.339005
20466.750000 340.703918 0.686000 206.445007
20467.375000 340.913055 0.686000 206.539993
20468.500000 341.118256 0.686000 206.639999
20469.625000 341.325867 0.686000 206.744003
20471.500000 341.527130 0.686000 206.843994
20473.125000 341.728149 0.686000 206.938995
20482.625000 341.929779 0.657000 207.039001
20485.000000 342.138123 0.657000 207.139008
20487.000000 342.339355 0.657000 207.242004
20488.125000 342.540619 0.657000 207.339005
20491.125000 342.744232 0.657000 207.445007
20492.625000 342.945618 0.657000 207.539993
20494.125000 343.147003 0.657000 207.639999
20495.750000 343.354004 0.657000 207.742996
20499.250000 343.555756 0.657000 207.848007
20502.500000 343.756866 0.657000 207.942993
20505.000000 343.957855 0.672000 208.048004
20507.125000 344.164337 0.672000 208.141006
20509.500000 344.164337 0.672000 208.240005
20510.875000 344.373901 0.672000 208.341003
20513.125000 344.605042 0.672000 208.440002
20514.750000 344.808319 0.672000 208.539993
20516.125000 345.015625 0.672000 208.634003
20518.250000 345.236969 0.672000 208.733994
20521.875000 345.442719 0.672000 208.845993
20523.625000 345.643829 0.672000 208.945999
20527.875000 345.850739 0.626000 209.041000
20530.125000 346.056671 0.626000 209.139999
20532.125000 346.257416 0.626000 209.244995
20534.875000 346.458649 0.626000 209.339005
20537.625000 346.697754 0.626000 209.438995
20541.125000 346.898987 0.626000 209.539001
20545.500000 347.110016 0.626000 209.643997
20551.500000 347.321106 0.626000 209.738998
20558.500000 347.524231 0.626000 209.839005
20565.875000 347.725464 0.626000 209.938995
20582.500000 347.930542 0.679000 210.046005
20592.625000 348.132385 0.679000 210.145996
20603.500000 348.339050 0.679000 210.238998
20617.125000 348.339050 0.679000 210.339996
20633.625000 348.550110 0.679000 210.444000
20647.625000 348.752960 0.679000 210.544006
20667.500000 348.959076 0.679000 210.647003
20684.125000 348.959076 0.679000 210.718002
20699.625000 349.161926 0.679000 210.828995
20716.625000 349.364716 0.679000 210.931000
20734.000000 349.570312 0.624000 211.029007
20750.750000 349.570312 0.624000 211.119003
20764.375000 349.978119 0.624000 211.233994
20779.125000 349.978119 0.624000 211.328995
20795.625000 350.195526 0.624000 211.419006
20809.000000 350.461548 0.624000 211.533997
20822.500000 350.672882 0.624000 211.639008
20834.375000 350.874268 0.624000 211.723999
20857.875000 351.077332 0.624000 211.834000
20868.125000 351.287872 0.624000 211.944000
20897.500000 351.451080 0.624000 212.029999
20911.750000 351.451080 0.708000 212.123001
20924.125000 351.654602 0.708000 212.233994
20935.750000 351.654602 0.708000 212.313995
20942.500000 351.726990 0.708000 212.434998
20951.625000 351.766876 0.708000 212.529007
20955.625000 351.774811 0.708000 212.634003
20959.875000 351.774811 0.708000 212.733994
20999.000000 351.774811 0.708000 212.839005
21003.250000 351.774811 0.708000 212.934006
21015.875000 351.774811 0.708000 213.042999
21023.375000 351.774811 0.752000 213.141006
21025.125000 351.775574 0.752000 213.233994
21026.750000 351.775574 0.752000 213.335007
21028.500000 351.775574 0.752000 213.434006
21030.250000 351.823944 0.752000 213.539001
21031.625000 351.823944 0.752000 213.634003
21035.125000 351.823944 0.752000 213.740005
21038.250000 351.944733 0.752000 213.835007
21041.875000 351.944733 0.752000 213.936005
21048.000000 352.145386 0.752000 214.046005
21054.125000 352.350616 0.752000 214.138000
21059.750000 352.350616 0.739000 214.240005
21067.000000 352.579163 0.739000 214.339005
21075.125000 352.780853 0.739000 214.429993
21083.375000 352.982086 0.739000 214.533997
21093.250000 353.183350 0.739000 214.634995
21102.750000 353.386566 0.739000 214.735001
21110.625000 353.595947 0.739000 214.841995
21120.375000 353.807220 0.739000 214.940002
21128.750000 354.010895 0.739000 215.039993
21141.750000 354.212036 0.694000 215.143997
21151.625000 354.416687 0.694000 215.244003
21160.250000 354.617310 0.694000 215.339005
21170.625000 354.818542 0.694000 215.444000
21179.625000 355.019806 0.694000 215.544006
21189.500000 355.220825 0.694000 215.643997
21197.750000 355.422089 0.694000 215.744003
21205.500000 355.623596 0.694000 215.843994
21213.500000 355.825104 0.694000 215.944000
21222.375000 356.026489 0.735000 216.044006
21227.625000 356.227753 0.735000 216.143997
21235.375000 356.429016 0.735000 216.244003
21242.125000 356.630280 0.735000 216.343994
21250.875000 356.831665 0.735000 216.444000
21258.375000 357.033051 0.735000 216.544006
21267.000000 357.244324 0.735000 216.645004
21274.375000 357.447601 0.735000 216.735001
21281.250000 357.649139 0.735000 216.835999
21288.500000 357.850952 0.735000 216.929993
21294.125000 358.054138 0.735000 217.035004
21300.875000 358.263428 0.735000 217.134995
21322.375000 358.465057 0.720000 217.235001
21330.250000 358.666565 0.720000 217.345001
21336.000000 358.876556 0.720000 217.445007
21342.250000 359.077789 0.720000 217.550003
21349.250000 359.282715 0.720000 217.636002
21356.500000 359.490051 0.720000 217.735001
21363.750000 359.696899 0.720000 217.843994
21370.250000 359.909760 0.720000 217.936005
21390.750000 360.119446 0.645000 218.035004
21398.750000 360.320068 0.645000 218.145004
21405.250000 360.521362 0.645000 218.233002
21410.875000 360.722626 0.645000 218.335999
21418.000000 360.924133 0.645000 218.442993
21424.750000 361.125641 0.645000 218.537994
21430.750000 361.327026 0.645000 218.632996
21435.625000 361.528046 0.645000 218.733002
21442.625000 361.735016 0.645000 218.835999
21447.875000 361.936310 0.645000 218.936005
21455.500000 362.137756 0.726000 219.035995
21461.875000 362.137756 0.726000 219.126007
21468.125000 362.548767 0.726000 219.235992
21474.375000 362.751984 0.726000 219.335999
21480.625000 362.957062 0.726000 219.444000
21487.250000 363.158417 0.726000 219.544006
21492.000000 363.363708 0.726000 219.636002
21498.250000 363.573151 0.726000 219.755997
21505.250000 363.776367 0.726000 219.845993
21512.250000 363.977386 0.726000 219.947006
21525.625000 364.186615 0.693000 220.054993
21532.375000 364.395325 0.693000 220.154999
21540.875000 364.598694 0.693000 220.255997
21547.375000 364.800201 0.693000 220.350998
