283.000000 0.000000 0.000000 0.400000
287.625000 0.000000 0.000000 0.511000
290.250000 0.000000 0.000000 0.615000
292.250000 0.000000 0.000000 0.700000
293.000000 0.000000 0.000000 0.816000
294.000000 0.000000 0.000000 0.905000
295.125000 0.000000 0.000000 1.015000
295.500000 0.000000 0.000000 1.105000
296.000000 0.000000 0.000000 1.215000
296.500000 0.000000 0.000000 1.315000
296.875000 0.000000 0.000000 1.400000
297.250000 0.000000 0.000000 1.515000
297.500000 0.000000 0.000000 1.600000
297.500000 0.000000 0.000000 1.715000
297.875000 0.000000 0.000000 1.816000
298.250000 0.000000 0.000000 1.915000
298.250000 0.000000 0.000000 2.015000
298.500000 0.000000 0.000000 2.120000
298.500000 0.000000 0.000000 2.200000
298.625000 0.000000 0.000000 2.315000
298.625000 0.000000 0.000000 2.415000
298.875000 0.000000 0.000000 2.515000
298.875000 0.000000 0.000000 2.615000
299.000000 0.000000 0.000000 2.715000
299.250000 0.000000 0.000000 2.800000
299.500000 0.000000 0.000000 2.905000
299.500000 0.000000 0.000000 2.990000
299.625000 0.000000 0.000000 3.105000
299.750000 0.000000 0.000000 3.215000
299.750000 0.000000 0.000000 3.315000
299.875000 0.000000 0.000000 3.420000
299.875000 0.000000 0.000000 3.515000
299.875000 0.000000 0.000000 3.615000
300.125000 0.000000 0.000000 3.705000
300.250000 0.000000 0.000000 3.810000
300.250000 0.000000 0.000000 3.915000
300.250000 0.000000 0.000000 4.020000
300.375000 0.000000 0.000000 4.120000
300.375000 0.000000 0.000000 4.220000
300.500000 0.000000 0.000000 4.315000
300.625000 0.000000 0.000000 4.405000
300.750000 0.000000 0.000000 4.515000
301.000000 0.000000 0.000000 4.615000
301.125000 0.000000 0.000000 4.715000
301.250000 0.000000 0.000000 4.815000
301.250000 0.000000 0.000000 4.910000
301.500000 0.000000 0.000000 5.015000
301.500000 0.000000 0.000000 5.115000
301.625000 0.000000 0.000000 5.215000
301.625000 0.000000 0.000000 5.315000
301.625000 0.000000 0.000000 5.400000
301.625000 0.000000 0.000000 5.505000
301.750000 0.000000 0.000000 5.590000
301.750000 0.000000 0.000000 5.705000
301.750000 0.000000 0.000000 5.795000
301.875000 0.000000 0.000000 5.905000
302.125000 0.000000 0.000000 6.015000
302.250000 0.000000 0.000000 6.115000
302.250000 0.000000 0.000000 6.210000
302.250000 0.000000 0.000000 6.300000
302.250000 0.000000 0.000000 6.405000
302.375000 0.000000 0.000000 6.515000
302.500000 0.000000 0.000000 6.615000
302.500000 0.000000 0.000000 6.715000
302.500000 0.000000 0.000000 6.800000
302.625000 0.000000 0.000000 6.905000
302.750000 0.000000 0.000000 7.017000
302.750000 0.000000 0.000000 7.120000
302.750000 0.000000 0.000000 7.215000
303.125000 0.000000 0.000000 7.320000
303.125000 0.000000 0.000000 7.415000
303.125000 0.000000 0.000000 7.514000
303.250000 0.000000 0.000000 7.620000
303.250000 0.000000 0.000000 7.720000
303.375000 0.000000 0.000000 7.810000
303.500000 0.000000 0.000000 7.916000
303.750000 0.000000 0.000000 8.015000
303.750000 0.000000 0.000000 8.115000
303.750000 0.000000 0.000000 8.215000
303.875000 0.000000 0.000000 8.315000
303.875000 0.000000 0.000000 8.417000
303.875000 0.000000 0.000000 8.515000
303.875000 0.000000 0.000000 8.615000
393.250000 0.000000 0.311000 8.715000
424.000000 0.000000 0.311000 8.820000
466.250000 0.016270 0.311000 8.910000
490.375000 0.016270 0.311000 9.015000
508.375000 0.016270 0.311000 9.115000
526.500000 0.016270 0.311000 9.215000
550.125000 0.217282 0.311000 9.320000
578.250000 0.217282 0.311000 9.420000
607.625000 0.431914 0.311000 9.505000
640.875000 0.638690 0.311000 9.615000
673.750000 0.864485 0.219000 9.720000
703.625000 1.065735 0.219000 9.816000
732.375000 1.266734 0.219000 9.920000
762.000000 1.467717 0.219000 10.015000
786.750000 1.669091 0.219000 10.100000
811.625000 1.872465 0.219000 10.215000
834.125000 2.073966 0.219000 10.310000
859.250000 2.285071 0.219000 10.415000
880.875000 2.494374 0.219000 10.515000
902.875000 2.695600 0.219000 10.615000
928.875000 2.897188 0.241000 10.720000
947.500000 2.897188 0.241000 10.815000
967.875000 3.105161 0.241000 10.920000
988.125000 3.306136 0.241000 11.015000
1005.500000 3.511684 0.241000 11.115000
1025.000000 3.718830 0.241000 11.215000
1043.750000 3.925825 0.241000 11.315000
1059.500000 4.131072 0.241000 11.415000
1074.250000 4.332418 0.241000 11.515000
1091.750000 4.533566 0.241000 11.622000
1119.750000 4.734641 0.277000 11.715000
1142.625000 4.940173 0.277000 11.815000
1157.250000 5.144713 0.277000 11.900000
1168.125000 5.345512 0.277000 12.015000
1183.500000 5.566761 0.277000 12.115000
1197.375000 5.807857 0.277000 12.200000
1212.000000 6.019180 0.277000 12.305000
1225.500000 6.220431 0.277000 12.420000
1238.625000 6.425855 0.277000 12.516000
1252.000000 6.653280 0.277000 12.620000
1272.000000 6.861572 0.234000 12.715000
1287.750000 6.861572 0.234000 12.815000
1299.500000 7.089933 0.234000 12.915000
1310.000000 7.089933 0.234000 13.005000
1318.625000 7.309319 0.234000 13.105000
1330.000000 7.512067 0.234000 13.215000
1341.500000 7.724663 0.234000 13.315000
1355.125000 7.933766 0.234000 13.415000
1368.125000 8.136770 0.234000 13.515000
1379.000000 8.346373 0.234000 13.615000
1392.375000 8.587360 0.232000 13.720000
1403.875000 8.818887 0.232000 13.820000
1416.125000 9.020507 0.232000 13.905000
1426.625000 9.221889 0.232000 14.015000
1437.250000 9.423100 0.232000 14.115000
1448.625000 9.624210 0.232000 14.220000
1460.125000 9.825317 0.232000 14.315000
1469.125000 10.026318 0.232000 14.415000
1482.500000 10.227818 0.232000 14.505000
1498.000000 10.429173 0.235000 14.615000
1509.625000 10.629772 0.235000 14.715000
1521.750000 10.831269 0.235000 14.815000
1532.000000 10.831269 0.235000 14.895000
1544.625000 11.235890 0.235000 15.001000
1558.500000 11.445092 0.235000 15.105000
1571.375000 11.646592 0.235000 15.215000
1587.000000 11.847716 0.235000 15.315000
1602.875000 12.048963 0.235000 15.415000
1620.375000 12.250115 0.235000 15.518000
1635.875000 12.451364 0.234000 15.615000
1652.250000 12.651842 0.234000 15.715000
1668.750000 12.852844 0.234000 15.805000
1686.500000 13.054187 0.234000 15.915000
1705.125000 13.255432 0.234000 16.014999
1721.125000 13.458556 0.234000 16.120001
1739.875000 13.667404 0.234000 16.215000
1758.000000 13.870400 0.234000 16.315001
1778.125000 14.079572 0.234000 16.415001
1795.625000 14.280846 0.234000 16.514999
1815.750000 14.280846 0.234000 16.605000
1843.375000 14.693535 0.271000 16.723000
1868.000000 14.693535 0.271000 16.827999
1885.750000 14.889271 0.271000 16.917999
1904.625000 15.051674 0.271000 17.023001
1922.375000 15.181499 0.271000 17.122999
1936.500000 15.277874 0.271000 17.218000
1950.625000 15.341288 0.271000 17.308001
1962.250000 15.372000 0.271000 17.413000
1972.750000 15.372000 0.271000 17.518000
1981.375000 15.374875 0.271000 17.622999
2000.750000 15.374875 0.292000 17.723000
2002.750000 15.374875 0.292000 17.820999
2007.500000 15.374875 0.292000 17.915001
2010.375000 15.374875 0.292000 18.021999
2013.625000 15.374875 0.292000 18.112000
2019.375000 15.374875 0.292000 18.215000
2021.000000 15.374875 0.292000 18.315001
2025.000000 15.374875 0.292000 18.405001
2029.625000 15.374875 0.292000 18.514999
2033.750000 15.575106 0.292000 18.620001
2039.750000 15.575106 0.258000 18.715000
2045.875000 15.784887 0.258000 18.815001
2063.500000 15.879880 0.258000 18.915001
2069.375000 15.942570 0.258000 19.000000
2085.125000 15.972380 0.258000 19.115000
2092.875000 15.973630 0.258000 19.215000
2102.625000 15.973630 0.258000 19.299999
2104.750000 15.973630 0.258000 19.405001
2105.750000 15.973630 0.258000 19.504999
2108.750000 15.973630 0.258000 19.615999
2112.375000 15.973630 0.264000 19.716000
2120.000000 15.973630 0.264000 19.815001
2122.000000 15.973630 0.264000 19.915001
2123.000000 15.973630 0.264000 20.020000
2124.625000 15.973630 0.264000 20.121000
2125.125000 15.973630 0.264000 20.211000
2127.875000 15.973630 0.264000 20.320999
2132.875000 15.973630 0.264000 20.410999
2133.625000 15.973630 0.264000 20.514999
2134.250000 15.973630 0.264000 20.615000
2138.625000 15.973630 0.240000 20.715000
2139.000000 15.973630 0.240000 20.816000
2140.500000 15.973630 0.240000 20.915001
2141.125000 15.973630 0.240000 21.014999
2141.625000 15.973630 0.240000 21.100000
2143.625000 15.973630 0.240000 21.215000
2146.125000 16.191637 0.240000 21.315001
2150.125000 16.191637 0.240000 21.415001
2157.625000 16.398239 0.240000 21.514999
2165.625000 16.601940 0.225000 21.620001
2175.500000 16.804361 0.225000 21.709999
2186.250000 17.014936 0.225000 21.815001
2200.250000 17.216269 0.225000 21.915001
2214.375000 17.417904 0.225000 22.014999
2230.125000 17.639565 0.225000 22.115000
2248.375000 17.840944 0.225000 22.205000
2265.375000 18.044226 0.225000 22.315001
2281.500000 18.253580 0.225000 22.415001
2298.125000 18.454836 0.225000 22.514999
2313.875000 18.666220 0.225000 22.620001
2333.500000 18.873409 0.270000 22.721001
2349.375000 19.074532 0.270000 22.820000
2364.125000 19.276011 0.270000 22.915001
2380.500000 19.477116 0.270000 23.014999
2395.250000 19.678440 0.270000 23.115000
2411.250000 19.879686 0.270000 23.215000
2426.500000 19.879686 0.270000 23.305000
2443.750000 20.282301 0.270000 23.424999
2460.625000 20.483667 0.270000 23.521000
2476.250000 20.685013 0.270000 23.615000
2499.000000 20.893579 0.307000 23.715000
2515.000000 20.893579 0.307000 23.815001
2530.250000 21.100056 0.307000 23.905001
2546.625000 21.323303 0.307000 24.021000
2560.500000 21.532282 0.307000 24.105000
2575.125000 21.733292 0.307000 24.215000
2590.500000 21.934416 0.307000 24.315001
2604.000000 22.135664 0.307000 24.415001
2615.875000 22.337034 0.307000 24.514999
2628.000000 22.538391 0.307000 24.615000
2641.875000 22.739765 0.342000 24.715000
2657.875000 22.950630 0.342000 24.815001
2670.250000 23.153866 0.342000 24.915001
2682.875000 23.363470 0.342000 25.004999
2696.500000 23.564705 0.342000 25.115000
2713.000000 23.775963 0.342000 25.205000
2726.875000 24.007168 0.342000 25.315001
2741.875000 24.208620 0.342000 25.415001
2756.500000 24.409868 0.342000 25.514999
2768.875000 24.610861 0.342000 25.610001
2790.125000 24.826359 0.307000 25.715000
2801.875000 25.046402 0.307000 25.816000
2815.250000 25.249338 0.307000 25.915001
2829.250000 25.451784 0.307000 26.011000
2842.250000 25.652613 0.307000 26.100000
2853.875000 25.853518 0.307000 26.205000
2868.125000 26.054520 0.307000 26.320000
2880.000000 26.257523 0.307000 26.415001
2891.875000 26.466871 0.307000 26.514999
2905.000000 26.668020 0.307000 26.615999
2934.875000 26.870733 0.326000 26.715000
2945.500000 27.077354 0.326000 26.815001
2957.875000 27.278606 0.326000 26.915001
2969.625000 27.479910 0.326000 27.020000
2980.125000 27.681274 0.326000 27.115000
2991.250000 27.882484 0.326000 27.215000
3001.250000 28.085598 0.326000 27.320999
3013.500000 28.085598 0.326000 27.400000
3024.125000 28.294933 0.326000 27.504999
3033.500000 28.697586 0.326000 27.615000
3050.500000 28.897955 0.332000 27.719999
3072.750000 28.897955 0.332000 27.815001
3085.750000 29.113052 0.332000 27.905001
3097.375000 29.285627 0.332000 28.014999
3105.875000 29.425060 0.332000 28.115000
3115.875000 29.535425 0.332000 28.221001
3121.000000 29.535425 0.332000 28.315001
3128.125000 29.623238 0.332000 28.416000
3133.000000 29.623238 0.332000 28.514999
3136.875000 29.675116 0.332000 28.615999
3149.375000 29.675116 0.320000 28.705000
3153.000000 29.675116 0.320000 28.816000
3156.500000 29.675116 0.320000 28.910000
3157.500000 29.772465 0.320000 29.014999
3161.500000 29.772465 0.320000 29.115000
3164.375000 29.772465 0.320000 29.215000
3168.625000 29.772465 0.320000 29.315001
3174.500000 29.972548 0.320000 29.415001
3179.750000 30.174109 0.320000 29.514999
3189.500000 30.380907 0.320000 29.615000
3197.625000 30.380907 0.256000 29.715000
3208.000000 30.583515 0.256000 29.815001
3216.625000 30.784372 0.256000 29.915001
3228.625000 30.985779 0.256000 30.020000
3237.750000 31.186861 0.256000 30.115000
3247.000000 31.398376 0.256000 30.215000
3256.375000 31.599764 0.256000 30.320000
3266.375000 31.801020 0.256000 30.415001
3276.375000 32.001995 0.256000 30.504999
3285.375000 32.203430 0.256000 30.605000
3300.000000 32.408978 0.279000 30.715000
3309.500000 32.616398 0.279000 30.815001
3318.375000 32.823147 0.279000 30.900000
3329.375000 33.024273 0.279000 31.020000
3338.625000 33.257851 0.279000 31.115000
3347.375000 33.466839 0.279000 31.215000
3356.875000 33.667973 0.279000 31.305000
3366.750000 33.869659 0.279000 31.415001
3375.000000 34.090946 0.279000 31.516001
3382.750000 34.292309 0.279000 31.615000
3399.500000 34.492882 0.295000 31.715000
3408.375000 34.731106 0.295000 31.820000
3416.500000 34.932358 0.295000 31.915001
3423.000000 35.133080 0.295000 32.014999
3431.875000 35.334446 0.295000 32.115002
3439.000000 35.535439 0.295000 32.220001
3446.625000 35.736809 0.295000 32.314999
3452.125000 35.939804 0.295000 32.401001
3459.750000 35.939804 0.295000 32.500000
3468.125000 36.350250 0.295000 32.615002
3479.250000 36.559479 0.303000 32.720001
3487.625000 36.559479 0.303000 32.820000
3498.125000 36.765316 0.303000 32.900002
3507.625000 36.931622 0.303000 33.014999
3514.875000 37.068314 0.303000 33.105000
3521.500000 37.179386 0.303000 33.200001
3527.000000 37.247169 0.303000 33.305000
3530.375000 37.282368 0.303000 33.415001
3532.875000 37.282368 0.303000 33.520000
3536.500000 37.287010 0.303000 33.615002
3538.875000 37.287010 0.300000 33.715000
3541.000000 37.287010 0.300000 33.816002
3541.750000 37.287010 0.300000 33.915001
3542.250000 37.287010 0.300000 34.014999
3542.875000 37.290508 0.300000 34.115002
3543.000000 37.290508 0.300000 34.215000
3543.875000 37.290508 0.300000 34.314999
3544.375000 37.290508 0.300000 34.415001
3545.125000 37.387821 0.300000 34.514999
3547.000000 37.387821 0.300000 34.605000
3549.250000 37.593613 0.248000 34.715000
3560.000000 37.593613 0.248000 34.814999
3566.125000 37.749947 0.248000 34.900002
3570.250000 37.792194 0.248000 35.005001
3575.375000 37.792194 0.248000 35.115002
3577.875000 37.802067 0.248000 35.215000
3579.750000 37.802067 0.248000 35.314999
3582.500000 37.802067 0.248000 35.415001
3583.500000 37.802067 0.248000 35.520000
3585.000000 37.802067 0.248000 35.605000
3587.000000 37.802067 0.287000 35.716000
3587.375000 37.802067 0.287000 35.816002
3587.500000 37.802067 0.287000 35.916000
3587.500000 37.802067 0.287000 36.015999
3588.000000 37.802067 0.287000 36.117001
3588.875000 37.802067 0.287000 36.216000
3589.500000 37.802067 0.287000 36.316002
3589.750000 37.802067 0.287000 36.417000
3590.625000 37.802067 0.287000 36.515999
3591.500000 37.802067 0.287000 36.616001
3593.250000 37.802067 0.255000 36.716000
3594.375000 37.802067 0.255000 36.816002
3595.625000 38.002777 0.255000 36.916000
3597.750000 38.002777 0.255000 37.015999
3599.750000 38.205105 0.255000 37.117001
3602.125000 38.205105 0.255000 37.216000
3605.750000 38.409264 0.255000 37.316002
3611.375000 38.615788 0.255000 37.416000
3617.125000 38.819115 0.255000 37.521999
3622.750000 38.819115 0.255000 37.616001
3629.000000 39.027481 0.246000 37.716000
3636.000000 39.230682 0.246000 37.816002
3643.875000 39.439915 0.246000 37.921001
3650.125000 39.641422 0.246000 38.015999
3655.750000 39.842823 0.246000 38.116001
3659.625000 40.044117 0.246000 38.216000
3664.875000 40.249168 0.246000 38.316002
3670.625000 40.456387 0.246000 38.416000
3675.500000 40.657665 0.246000 38.515999
3680.000000 40.858887 0.246000 38.616001
3688.250000 41.060093 0.289000 38.716000
3692.875000 41.261166 0.289000 38.816002
3698.875000 41.488609 0.289000 38.916000
3704.500000 41.700405 0.289000 39.015999
3709.875000 41.901756 0.289000 39.111000
3714.750000 42.123127 0.289000 39.216000
3720.875000 42.324379 0.289000 39.316002
3725.375000 42.525608 0.289000 39.416000
3731.250000 42.726986 0.289000 39.515999
3735.625000 42.938492 0.289000 39.617001
3745.125000 43.177048 0.283000 39.716000
3750.250000 43.377243 0.283000 39.816002
3756.625000 43.578480 0.283000 39.916000
3762.125000 43.779835 0.283000 40.015999
3767.125000 43.981216 0.283000 40.116001
3772.000000 44.182472 0.283000 40.216000
3778.625000 44.385597 0.283000 40.316002
3786.250000 44.588879 0.283000 40.416000
3793.000000 44.798355 0.283000 40.515999
3798.250000 45.007607 0.283000 40.617001
3810.000000 45.215767 0.298000 40.716000
3818.750000 45.215767 0.298000 40.816002
3825.750000 45.422485 0.298000 40.916000
3832.625000 45.623966 0.298000 41.015999
3840.125000 45.828938 0.298000 41.116001
3849.375000 46.036255 0.298000 41.216000
3857.500000 46.237648 0.298000 41.316002
3864.750000 46.438946 0.298000 41.416000
3871.625000 46.640072 0.298000 41.521999
3878.375000 46.842945 0.298000 41.617001
3896.750000 47.052521 0.285000 41.716000
3905.125000 47.253983 0.285000 41.818001
3910.875000 47.460693 0.285000 41.916000
3918.375000 47.662106 0.285000 42.015999
3926.375000 47.863228 0.285000 42.116001
3934.500000 48.064457 0.285000 42.216000
3942.250000 48.265694 0.285000 42.316002
3951.500000 48.467079 0.285000 42.416000
3960.625000 48.668343 0.285000 42.515999
3968.500000 48.869545 0.285000 42.616001
3982.625000 49.070797 0.284000 42.716000
3990.125000 49.314903 0.284000 42.816002
3998.250000 49.516098 0.284000 42.916000
4004.500000 49.717495 0.284000 43.015999
4010.500000 49.918743 0.284000 43.116001
4016.625000 50.119949 0.284000 43.216000
4022.500000 50.323223 0.284000 43.316002
4030.000000 50.532600 0.284000 43.421001
4037.250000 50.733875 0.284000 43.515999
4048.500000 50.935246 0.284000 43.616001
4061.375000 51.135605 0.257000 43.716000
4070.500000 51.337872 0.257000 43.816002
4078.250000 51.574833 0.257000 43.916000
4086.625000 51.775940 0.257000 44.015999
4096.375000 51.977184 0.257000 44.111000
4106.000000 52.178448 0.257000 44.216000
4115.750000 52.391693 0.257000 44.321999
4125.000000 52.601028 0.257000 44.416000
4135.875000 52.802498 0.257000 44.515999
4148.250000 53.003819 0.257000 44.616001
4163.250000 53.209908 0.253000 44.716000
4172.750000 53.412155 0.253000 44.816002
4186.000000 53.613407 0.253000 44.916000
4195.750000 53.613407 0.253000 45.012001
4207.875000 54.015804 0.253000 45.116001
4222.625000 54.217091 0.253000 45.216000
4233.375000 54.418430 0.253000 45.316002
4246.375000 54.619724 0.253000 45.416000
4258.000000 54.820858 0.253000 45.515999
4270.125000 55.021946 0.253000 45.616001
4289.125000 55.021946 0.264000 45.716000
4300.625000 55.226273 0.264000 45.816002
4315.625000 55.430447 0.264000 45.916000
4326.625000 55.631672 0.264000 46.015999
4337.500000 55.832821 0.264000 46.116001
4344.750000 56.034077 0.264000 46.216000
4352.500000 56.237366 0.264000 46.316002
4360.875000 56.442677 0.264000 46.416000
4365.750000 56.644062 0.264000 46.515999
4373.125000 56.853203 0.264000 46.601002
4381.125000 57.060795 0.277000 46.716000
4386.250000 57.262020 0.277000 46.816002
4391.375000 57.489643 0.277000 46.921001
4396.375000 57.711296 0.277000 47.015999
4402.250000 57.920437 0.277000 47.125000
4407.875000 58.121540 0.277000 47.221001
4413.125000 58.324940 0.277000 47.320999
4416.750000 58.526108 0.277000 47.416000
4420.750000 58.726990 0.277000 47.515999
4425.875000 58.928280 0.277000 47.616001
4433.625000 59.128761 0.247000 47.716000
4439.750000 59.337093 0.247000 47.816002
4444.625000 59.538067 0.247000 47.916000
4448.250000 59.759415 0.247000 48.011002
4453.000000 59.960667 0.247000 48.096001
4457.125000 60.171833 0.247000 48.216000
4464.250000 60.373314 0.247000 48.320999
4469.250000 60.584557 0.247000 48.421001
4473.750000 60.786007 0.247000 48.515999
4479.000000 60.987156 0.247000 48.616001
4486.750000 61.190578 0.247000 48.716999
4495.125000 61.190578 0.247000 48.816002
4498.625000 61.397881 0.247000 48.917000
4503.125000 61.611397 0.247000 49.015999
4507.375000 61.611397 0.247000 49.116001
4509.500000 61.798641 0.247000 49.216000
4512.250000 61.798641 0.247000 49.316002
4515.125000 61.798641 0.247000 49.416000
4518.375000 62.005421 0.247000 49.515999
4521.750000 62.208042 0.247000 49.616001
4527.250000 62.419731 0.243000 49.710999
4531.500000 62.619865 0.243000 49.816002
4535.750000 62.821991 0.243000 49.916000
4541.375000 63.023422 0.243000 50.015999
4546.625000 63.224674 0.243000 50.116001
4551.500000 63.425953 0.243000 50.216000
4557.125000 63.627197 0.243000 50.316002
4562.000000 63.828442 0.243000 50.416000
4566.750000 64.029671 0.243000 50.515999
4571.000000 64.232742 0.243000 50.617001
4579.875000 64.232742 0.239000 50.712002
4587.875000 64.438049 0.239000 50.821999
4593.625000 64.643486 0.239000 50.922001
4600.250000 64.886826 0.239000 51.021999
4606.500000 65.087936 0.239000 51.116001
4611.000000 65.297005 0.239000 51.216000
4616.500000 65.498116 0.239000 51.317001
4621.625000 65.699364 0.239000 51.416000
4626.875000 65.900604 0.239000 51.518002
4632.875000 66.101791 0.239000 51.616001
4643.375000 66.302399 0.233000 51.716000
4650.125000 66.510796 0.233000 51.816002
4658.250000 66.712074 0.233000 51.916000
4664.250000 66.913315 0.233000 52.015999
4671.625000 67.114548 0.233000 52.116001
4679.000000 67.335861 0.233000 52.216000
4686.875000 67.537086 0.233000 52.306000
4696.375000 67.738380 0.233000 52.416000
4705.500000 67.939835 0.233000 52.515999
4713.875000 68.140961 0.233000 52.616001
4737.375000 68.348732 0.248000 52.716000
4750.125000 68.551132 0.248000 52.821999
4758.375000 68.760300 0.248000 52.916000
4769.375000 68.961304 0.248000 53.015999
4780.000000 68.961304 0.248000 53.105999
4789.625000 69.363754 0.248000 53.216000
4801.875000 69.567284 0.248000 53.321999
4815.375000 69.768661 0.248000 53.417000
4828.500000 69.969925 0.248000 53.521999
4843.875000 70.178772 0.248000 53.616001
4866.125000 70.178772 0.244000 53.716000
4884.625000 70.383179 0.244000 53.811001
4898.625000 70.587395 0.244000 53.916000
4913.125000 70.790512 0.244000 54.015999
4930.750000 70.999748 0.244000 54.116001
4945.375000 71.200996 0.244000 54.216000
4957.375000 71.402351 0.244000 54.316002
4973.250000 71.603622 0.244000 54.416000
4990.000000 71.804718 0.244000 54.515999
5009.875000 72.009941 0.244000 54.620998
5029.000000 72.217285 0.234000 54.716000
5043.125000 72.417374 0.234000 54.806000
5063.625000 72.628593 0.234000 54.916000
5077.500000 72.833611 0.234000 55.015999
5093.875000 72.833611 0.234000 55.116001
5113.125000 73.038963 0.234000 55.220001
5130.875000 73.249725 0.234000 55.316002
5151.625000 73.487221 0.234000 55.416000
5170.750000 73.688538 0.234000 55.515999
5186.000000 73.889778 0.234000 55.616001
5212.125000 74.090508 0.252000 55.721001
5229.875000 74.299118 0.252000 55.816002
5252.875000 74.499603 0.252000 55.916000
5272.875000 74.700661 0.252000 56.015999
5290.250000 74.901871 0.252000 56.116001
5308.625000 75.103127 0.252000 56.216000
5325.750000 75.304268 0.252000 56.306000
5342.125000 75.525734 0.252000 56.416000
5359.500000 75.726936 0.252000 56.515999
5375.875000 75.958191 0.252000 56.616001
5402.250000 76.159378 0.280000 56.716000
5424.125000 76.367691 0.280000 56.806000
5442.750000 76.569313 0.280000 56.917999
5461.375000 76.770508 0.280000 57.006001
5477.250000 76.971786 0.280000 57.116001
5496.125000 77.175064 0.280000 57.216000
5515.500000 77.384392 0.280000 57.316002
5536.875000 77.585640 0.280000 57.416000
5558.625000 77.786766 0.280000 57.515999
5575.250000 77.987892 0.280000 57.625999
5600.875000 78.196487 0.260000 57.716000
5625.625000 78.405083 0.260000 57.816002
5646.250000 78.606491 0.260000 57.916000
5663.875000 78.606491 0.260000 58.006001
5678.500000 79.008766 0.260000 58.116001
5695.375000 79.209976 0.260000 58.216000
5711.000000 79.411285 0.260000 58.316002
5729.375000 79.612511 0.260000 58.416000
5747.750000 79.813744 0.260000 58.515999
5762.375000 80.017044 0.260000 58.622002
5776.750000 80.218666 0.341000 58.722000
5795.500000 80.419495 0.341000 58.817001
5807.375000 80.419495 0.341000 58.890999
5821.250000 80.628822 0.341000 59.015999
5835.250000 80.834129 0.341000 59.116001
5849.875000 81.041656 0.341000 59.216000
5863.500000 81.244934 0.341000 59.316002
5875.375000 81.454193 0.341000 59.416000
5892.250000 81.655342 0.341000 59.511002
5905.250000 81.856544 0.341000 59.616001
5918.000000 82.057899 0.296000 59.716000
5938.750000 82.260651 0.296000 59.811001
5951.750000 82.470032 0.296000 59.916000
5966.250000 82.671074 0.296000 60.018002
5984.750000 82.872116 0.296000 60.116001
6005.625000 83.073227 0.296000 60.216000
6022.000000 83.274506 0.296000 60.316002
6038.750000 83.480049 0.296000 60.423000
6056.125000 83.681419 0.296000 60.522999
6071.375000 83.888611 0.296000 60.616001
6089.500000 84.089981 0.316000 60.716000
6110.625000 84.290466 0.316000 60.811001
6127.375000 84.491463 0.316000 60.916000
6145.875000 84.694656 0.316000 61.021999
6161.875000 84.904045 0.316000 61.116001
6177.750000 85.105446 0.316000 61.216000
6195.875000 85.330833 0.316000 61.311001
6213.500000 85.578293 0.316000 61.416000
6232.375000 85.779556 0.316000 61.515999
6250.125000 85.981117 0.316000 61.616001
6269.125000 86.182381 0.306000 61.708000
6292.500000 86.387268 0.306000 61.816002
6309.000000 86.594437 0.306000 61.896000
6323.375000 86.795662 0.306000 62.015999
6337.750000 87.010773 0.306000 62.112999
6353.625000 87.211998 0.306000 62.208000
6369.500000 87.418800 0.306000 62.306000
6387.000000 87.620201 0.306000 62.417000
6405.625000 87.821556 0.306000 62.515999
6418.875000 88.022842 0.306000 62.616001
6433.875000 88.224457 0.329000 62.716000
6451.125000 88.425346 0.329000 62.816002
6472.375000 88.628662 0.329000 62.905998
6489.125000 88.838028 0.329000 63.015999
6508.250000 89.039230 0.329000 63.116001
6530.750000 89.240486 0.329000 63.216000
6552.250000 89.441589 0.329000 63.316002
6572.125000 89.642967 0.329000 63.417999
6592.875000 89.843910 0.329000 63.515999
6609.875000 90.045013 0.329000 63.616001
6629.000000 90.246094 0.329000 63.716000
6662.625000 90.450043 0.337000 63.816002
6682.000000 90.655922 0.337000 63.925999
6699.250000 90.857231 0.337000 64.015999
6723.750000 91.058456 0.337000 64.115997
6742.625000 91.259666 0.337000 64.216003
6762.125000 91.460854 0.337000 64.320999
6782.250000 91.666092 0.337000 64.422997
6805.500000 91.867355 0.337000 64.523003
6825.250000 91.867355 0.337000 64.615997
6845.625000 92.084839 0.337000 64.710999
6875.125000 92.286095 0.354000 64.816002
6897.875000 92.492706 0.354000 64.916000
6917.875000 92.696014 0.354000 65.015999
6936.000000 92.897255 0.354000 65.111000
6954.375000 93.098312 0.354000 65.216003
6975.125000 93.299942 0.354000 65.316002
6998.750000 93.501106 0.354000 65.416000
7015.750000 93.702225 0.354000 65.511002
7034.375000 93.907486 0.354000 65.615997
7051.250000 94.167206 0.354000 65.722000
7079.375000 94.375648 0.362000 65.816002
7095.125000 94.604340 0.362000 65.916000
7113.000000 94.807587 0.362000 66.012001
7129.875000 95.008835 0.362000 66.122002
7150.000000 95.219963 0.362000 66.222000
7168.875000 95.429314 0.362000 66.320999
7188.000000 95.630661 0.362000 66.420998
7206.875000 95.831886 0.362000 66.505997
7224.500000 96.033134 0.362000 66.615997
7242.375000 96.234406 0.362000 66.716003
7269.500000 96.440407 0.373000 66.816002
7289.625000 96.642876 0.373000 66.916000
7307.000000 96.843948 0.373000 67.015999
7323.250000 96.843948 0.373000 67.106003
7336.875000 97.254639 0.373000 67.224998
7352.000000 97.455856 0.373000 67.324997
7373.375000 97.657104 0.373000 67.425003
7389.625000 97.858345 0.373000 67.525002
7405.250000 98.059578 0.373000 67.625000
7419.500000 98.260834 0.373000 67.724998
7444.125000 98.466087 0.372000 67.824997
7462.750000 98.669182 0.372000 67.930000
7480.625000 98.669182 0.372000 68.025002
7497.500000 98.870415 0.372000 68.125000
7517.125000 99.071770 0.372000 68.224998
7531.625000 99.272758 0.372000 68.324997
7547.875000 99.474007 0.372000 68.425003
7566.000000 99.675255 0.372000 68.525002
7584.000000 99.886497 0.372000 68.614998
7599.500000 100.087868 0.339000 68.724998
7615.500000 100.288734 0.339000 68.824997
7629.375000 100.499733 0.339000 68.900002
7645.875000 100.700981 0.339000 69.025002
7659.250000 100.902214 0.339000 69.125000
7674.375000 101.103355 0.339000 69.224998
7690.000000 101.304619 0.339000 69.324997
7705.000000 101.505760 0.339000 69.415001
7720.125000 101.707153 0.339000 69.525002
7737.875000 101.908417 0.339000 69.625000
7753.500000 102.109680 0.339000 69.714996
7770.500000 102.310944 0.371000 69.824997
7805.125000 102.515770 0.371000 69.919998
7836.625000 102.697388 0.371000 70.010002
7864.000000 102.851669 0.371000 70.125000
7883.500000 102.969994 0.371000 70.224998
7900.250000 103.049637 0.371000 70.320000
7914.000000 103.049637 0.371000 70.425003
7924.875000 103.179504 0.371000 70.525002
7940.875000 103.179504 0.371000 70.625000
7952.375000 103.226433 0.371000 70.720001
7979.250000 103.226433 0.355000 70.820000
7998.250000 103.226433 0.355000 70.925003
8015.000000 103.240417 0.355000 71.021004
8020.750000 103.240417 0.355000 71.121002
8029.250000 103.249550 0.355000 71.221001
8032.250000 103.249550 0.355000 71.316002
8039.750000 103.255096 0.355000 71.411003
8043.500000 103.255096 0.355000 71.524002
8047.875000 103.255096 0.355000 71.615997
8050.625000 103.294121 0.355000 71.716003
8055.125000 103.294121 0.358000 71.816002
8065.000000 103.498878 0.358000 71.920998
8076.500000 103.498878 0.358000 72.015999
8088.625000 103.709190 0.358000 72.115997
8099.750000 103.929016 0.358000 72.216003
8116.250000 104.137016 0.358000 72.310997
8131.875000 104.137016 0.358000 72.396004
8147.375000 104.549316 0.358000 72.515999
8165.875000 104.750656 0.358000 72.611000
8182.875000 104.951866 0.358000 72.716003
8199.000000 105.153107 0.346000 72.816002
8213.125000 105.354477 0.346000 72.911003
8227.750000 105.555717 0.346000 73.015999
8245.500000 105.756989 0.346000 73.111000
8262.000000 105.958282 0.346000 73.216003
8281.375000 106.159515 0.346000 73.316002
8299.000000 106.360870 0.346000 73.416000
8314.750000 106.562027 0.346000 73.515999
8334.125000 106.763306 0.346000 73.615997
8349.125000 106.964661 0.346000 73.716003
8375.625000 106.964661 0.417000 73.806000
8389.125000 107.374268 0.417000 73.916000
8402.750000 107.374268 0.417000 74.011002
8418.875000 107.575493 0.417000 74.100998
8432.000000 107.977707 0.417000 74.216003
8449.000000 107.977707 0.417000 74.310997
8463.375000 108.178932 0.417000 74.411003
8477.875000 108.380188 0.417000 74.511002
8491.375000 108.786850 0.417000 74.625999
8505.250000 108.786850 0.417000 74.716003
8528.625000 108.994026 0.422000 74.816002
8544.500000 109.196953 0.422000 74.911003
8558.250000 109.416077 0.422000 75.011002
8573.625000 109.617447 0.422000 75.115997
8587.625000 109.826424 0.422000 75.210999
8602.375000 110.031647 0.422000 75.310997
8615.625000 110.234741 0.422000 75.396004
8629.500000 110.441986 0.422000 75.490997
8642.875000 110.643181 0.422000 75.616997
8656.500000 110.844368 0.422000 75.712997
8670.500000 111.045692 0.422000 75.810997
8684.500000 111.246452 0.491000 75.916000
8701.625000 111.447670 0.491000 76.011002
8713.125000 111.649193 0.491000 76.106003
8727.375000 111.850319 0.491000 76.216003
8739.250000 112.051407 0.491000 76.320999
8752.875000 112.252518 0.491000 76.420998
8765.125000 112.453705 0.491000 76.521004
8781.250000 112.654839 0.491000 76.615997
8793.500000 112.856049 0.491000 76.707001
8821.375000 113.061058 0.411000 76.816002
8841.125000 113.265785 0.411000 76.927002
8861.500000 113.465973 0.411000 77.021004
8874.125000 113.673164 0.411000 77.121002
8885.500000 113.874481 0.411000 77.221001
8898.250000 114.100098 0.411000 77.322998
8911.000000 114.307358 0.411000 77.412003
8920.875000 114.518730 0.411000 77.526001
8935.000000 114.719948 0.411000 77.621002
8946.625000 114.921143 0.411000 77.721001
8971.000000 115.122536 0.406000 77.816002
8983.000000 115.330757 0.406000 77.920998
9011.500000 115.532150 0.406000 78.021004
9028.375000 115.733238 0.406000 78.125999
9039.000000 115.934761 0.406000 78.225998
9050.000000 116.136246 0.406000 78.320999
9064.250000 116.337593 0.406000 78.428001
9076.000000 116.539108 0.406000 78.521004
9086.250000 116.740013 0.406000 78.621002
9102.250000 116.961258 0.406000 78.716003
9112.625000 117.162453 0.505000 78.821999
9126.750000 117.363785 0.505000 78.911003
9138.125000 117.566895 0.505000 79.021004
9153.750000 117.776169 0.505000 79.125999
9166.500000 117.977486 0.505000 79.216003
9180.250000 118.179001 0.505000 79.320999
9195.375000 118.380302 0.505000 79.420998
9207.750000 118.581497 0.505000 79.521004
9221.750000 118.792946 0.505000 79.625999
9234.500000 118.994499 0.505000 79.721001
9244.250000 119.197258 0.418000 79.820999
9255.750000 119.404037 0.418000 79.920998
9269.750000 119.605270 0.418000 80.011002
9282.750000 119.806519 0.418000 80.121002
9295.750000 120.007751 0.418000 80.221001
9307.875000 120.208977 0.418000 80.321999
9321.500000 120.410103 0.418000 80.426003
9333.875000 120.611053 0.418000 80.521004
9348.125000 120.812523 0.418000 80.621002
9360.125000 121.013718 0.418000 80.716003
9384.750000 121.214027 0.424000 80.820999
9403.750000 121.214027 0.424000 80.911003
9418.250000 121.422852 0.424000 80.996002
9433.375000 121.825394 0.424000 81.121002
9446.125000 121.825394 0.424000 81.210999
9460.625000 122.228233 0.424000 81.320999
9473.875000 122.429741 0.424000 81.416000
9486.750000 122.429741 0.424000 81.511002
9498.875000 122.832291 0.424000 81.621002
9510.125000 123.033539 0.424000 81.721001
9528.250000 123.233994 0.410000 81.820999
9545.375000 123.233994 0.410000 81.916000
9560.375000 123.436066 0.410000 82.000999
9572.750000 123.643661 0.410000 82.121002
9588.125000 123.844849 0.410000 82.221001
9600.750000 124.046219 0.410000 82.316002
9615.500000 124.247467 0.410000 82.420998
9628.125000 124.456818 0.410000 82.521004
9643.250000 124.659920 0.410000 82.611000
9657.750000 124.861023 0.410000 82.700996
9671.250000 125.062225 0.481000 82.820999
9686.125000 125.265579 0.481000 82.920998
9699.125000 125.474846 0.481000 83.021004
9709.750000 125.676170 0.481000 83.091003
9721.375000 125.879433 0.481000 83.221001
9734.875000 126.088676 0.481000 83.316002
9748.500000 126.289780 0.481000 83.427002
9762.250000 126.492760 0.481000 83.522003
9771.375000 126.702110 0.481000 83.621002
9784.000000 126.903587 0.481000 83.721001
9806.375000 127.105171 0.440000 83.822998
9822.000000 127.305878 0.440000 83.920998
9836.250000 127.507507 0.440000 84.026001
9852.000000 127.708710 0.440000 84.111000
9864.000000 127.910080 0.440000 84.221001
9876.875000 128.119247 0.440000 84.325996
9888.000000 128.322586 0.440000 84.420998
9899.500000 128.523743 0.440000 84.526001
9910.875000 128.725113 0.440000 84.615997
9925.000000 128.976410 0.440000 84.695999
9937.625000 129.179764 0.440000 84.824997
9951.375000 129.387650 0.503000 84.920998
9967.750000 129.592926 0.503000 85.021004
9977.000000 129.592926 0.503000 85.125999
9985.625000 129.795197 0.503000 85.221001
10000.250000 130.017670 0.503000 85.316002
10013.000000 130.223602 0.503000 85.426003
10025.625000 130.424194 0.503000 85.515999
10071.500000 130.627045 0.503000 85.625999
10088.000000 130.627045 0.503000 85.721001
10099.250000 130.814194 0.503000 85.816002
10112.375000 131.005478 0.519000 85.920998
10123.875000 131.005478 0.519000 86.015999
10132.250000 131.208771 0.519000 86.121002
10142.875000 131.425293 0.519000 86.221001
10157.125000 131.634125 0.519000 86.320999
10171.375000 131.834824 0.519000 86.420998
10183.750000 132.036285 0.519000 86.521004
10194.000000 132.237396 0.519000 86.621002
10207.375000 132.438705 0.519000 86.716003
10220.375000 132.639877 0.519000 86.827003
10238.875000 132.840164 0.557000 86.920998
10253.000000 132.840164 0.557000 87.015999
10268.625000 133.248825 0.557000 87.126999
10284.125000 133.449829 0.557000 87.221001
10296.000000 133.651184 0.557000 87.320999
10308.125000 133.852280 0.557000 87.420998
10317.250000 133.852280 0.557000 87.513000
10325.750000 134.254959 0.557000 87.621002
10335.500000 134.254959 0.557000 87.716003
10346.500000 134.657333 0.557000 87.832001
10380.375000 134.865982 0.541000 87.927002
10391.750000 134.865982 0.541000 88.022003
10406.500000 135.069199 0.541000 88.122002
10417.625000 135.274414 0.541000 88.221001
10428.000000 135.481674 0.541000 88.316002
10442.250000 135.682800 0.541000 88.426003
10453.250000 135.883743 0.541000 88.522003
10463.125000 136.085114 0.541000 88.615997
10474.375000 136.286240 0.541000 88.716003
10486.000000 136.489090 0.541000 88.821999
10498.875000 136.690567 0.509000 88.921997
10508.375000 136.891647 0.509000 89.015999
10518.000000 137.093475 0.509000 89.100998
10528.000000 137.294876 0.509000 89.191002
10537.000000 137.496063 0.509000 89.295998
10547.875000 137.699326 0.509000 89.390999
10555.750000 137.902878 0.509000 89.526001
10564.250000 138.110092 0.509000 89.621002
10572.250000 138.311081 0.509000 89.716003
10582.625000 138.512283 0.509000 89.821999
10591.750000 138.713440 0.484000 89.920998
10599.750000 138.915085 0.484000 90.015999
10607.500000 139.116257 0.484000 90.121002
10617.750000 139.319336 0.484000 90.216003
10627.125000 139.568954 0.484000 90.325996
10636.125000 139.770187 0.484000 90.420998
10645.500000 139.971710 0.484000 90.521004
10656.375000 140.172882 0.484000 90.621002
10665.625000 140.376160 0.484000 90.717003
10674.125000 140.581497 0.484000 90.827003
10687.125000 140.785034 0.484000 90.921997
10715.500000 140.986038 0.484000 91.012001
10726.500000 140.986038 0.484000 91.086998
10735.000000 141.173676 0.484000 91.223000
10743.875000 141.374527 0.484000 91.321999
10750.250000 141.374527 0.484000 91.428001
10755.000000 141.374527 0.484000 91.517998
10761.875000 141.574997 0.484000 91.626999
10768.750000 141.780441 0.484000 91.711998
10777.500000 141.980484 0.484000 91.828003
10791.125000 141.980484 0.502000 91.917000
10801.500000 142.188904 0.502000 92.022003
10811.250000 142.390213 0.502000 92.116997
10822.625000 142.591446 0.502000 92.226997
10830.250000 142.792679 0.502000 92.327003
10842.750000 142.993896 0.502000 92.429001
10853.250000 143.195175 0.502000 92.527000
10861.250000 143.396606 0.502000 92.622002
10870.375000 143.599503 0.502000 92.737999
10878.000000 143.871063 0.502000 92.833000
10886.750000 144.100433 0.451000 92.918999
10892.750000 144.301422 0.451000 92.997002
10901.625000 144.502380 0.451000 93.122002
10909.250000 144.703659 0.451000 93.226997
10915.750000 144.904938 0.451000 93.317001
10928.250000 145.106339 0.451000 93.418999
10936.625000 145.307358 0.451000 93.522003
10945.750000 145.508331 0.451000 93.601997
10955.250000 145.709122 0.451000 93.717003
10962.375000 145.910538 0.451000 93.817001
10996.375000 146.114838 0.446000 93.927002
11006.500000 146.316299 0.446000 94.016998
11015.875000 146.517242 0.446000 94.122002
11024.875000 146.718430 0.446000 94.223000
11035.000000 146.921951 0.446000 94.328003
11043.000000 147.131180 0.446000 94.417000
11053.375000 147.131180 0.446000 94.507004
11064.125000 147.533752 0.446000 94.616997
11072.750000 147.533752 0.446000 94.702003
11081.750000 147.938187 0.446000 94.827003
11105.375000 148.142288 0.461000 94.927002
11114.125000 148.142288 0.461000 94.997002
11125.625000 148.342667 0.461000 95.122002
11135.250000 148.551956 0.461000 95.226997
11145.625000 148.753418 0.461000 95.296997
11156.375000 148.954712 0.461000 95.421997
11167.500000 149.155991 0.461000 95.525002
11177.000000 149.363693 0.461000 95.610001
11189.375000 149.564438 0.461000 95.724998
11199.125000 149.765671 0.461000 95.829002
11243.125000 149.966888 0.475000 95.917999
11255.250000 150.174408 0.475000 95.998001
11267.500000 150.384262 0.475000 96.119003
11277.375000 150.585342 0.475000 96.209000
11287.500000 150.788589 0.475000 96.323997
11296.500000 150.997757 0.475000 96.418999
11306.625000 151.199097 0.475000 96.518997
11318.625000 151.400482 0.475000 96.619003
11329.375000 151.601562 0.475000 96.723999
11339.500000 151.808426 0.475000 96.821999
11356.125000 152.013596 0.494000 96.933998
11365.750000 152.216187 0.494000 97.035004
11374.375000 152.417419 0.494000 97.129997
11385.625000 152.619049 0.494000 97.228996
11396.500000 152.828415 0.494000 97.308998
11406.375000 153.035645 0.494000 97.421997
11415.500000 153.277237 0.494000 97.507004
11426.500000 153.480362 0.494000 97.620003
11436.125000 153.682037 0.494000 97.708000
11445.375000 153.889465 0.494000 97.827003
11453.750000 154.092773 0.537000 97.925003
11466.000000 154.293289 0.537000 98.016998
11475.875000 154.494400 0.537000 98.137001
11483.500000 154.695648 0.537000 98.226997
11493.500000 154.897018 0.537000 98.332001
11503.375000 155.098404 0.537000 98.412003
11512.875000 155.301422 0.537000 98.528999
11523.125000 155.502502 0.537000 98.616997
11534.000000 155.706146 0.537000 98.750999
11546.375000 155.925247 0.537000 98.818001
11556.375000 156.134735 0.537000 98.931999
11579.125000 156.343689 0.632000 99.027000
11591.625000 156.546753 0.632000 99.122002
11601.875000 156.546753 0.632000 99.216003
11612.125000 156.963226 0.632000 99.337997
11620.250000 156.963226 0.632000 99.426003
11628.875000 157.198685 0.632000 99.527000
11638.750000 157.399796 0.632000 99.616997
11648.750000 157.600739 0.632000 99.710999
11659.375000 157.801743 0.632000 99.806000
11670.250000 158.002869 0.551000 99.916000
11681.750000 158.222565 0.551000 100.021004
11693.625000 158.425934 0.551000 100.126999
11704.750000 158.631195 0.551000 100.217003
11714.750000 158.838303 0.551000 100.327003
11724.750000 159.039612 0.551000 100.426003
11734.750000 159.242889 0.551000 100.527000
11745.250000 159.444000 0.551000 100.625999
11755.375000 159.653397 0.551000 100.716003
11765.250000 159.854568 0.551000 100.820999
11774.250000 160.056000 0.582000 100.928001
11782.625000 160.257431 0.582000 101.015999
11794.750000 160.462646 0.582000 101.100998
11806.000000 160.680069 0.582000 101.231003
11816.875000 160.881607 0.582000 101.316002
11827.750000 161.088638 0.582000 101.416000
11838.875000 161.293808 0.582000 101.526001
11849.250000 161.494904 0.582000 101.625999
11860.375000 161.698257 0.582000 101.716003
11875.125000 161.907394 0.582000 101.820999
11890.000000 162.108948 0.572000 101.926003
11905.750000 162.310028 0.572000 102.021004
11919.000000 162.510269 0.572000 102.121002
11931.875000 162.751404 0.572000 102.225998
11943.250000 162.952667 0.572000 102.335999
11954.625000 163.155899 0.572000 102.421997
11966.000000 163.365112 0.572000 102.526001
11976.750000 163.566483 0.572000 102.625999
11987.125000 163.771469 0.572000 102.723000
11998.375000 163.978668 0.572000 102.825996
12012.500000 164.181793 0.527000 102.922997
12024.875000 164.387497 0.527000 103.025002
12037.625000 164.588623 0.527000 103.135002
12047.250000 164.789490 0.527000 103.230003
12058.750000 164.789490 0.527000 103.309998
12070.625000 165.191833 0.527000 103.434998
12082.000000 165.393204 0.527000 103.535004
12094.875000 165.600098 0.527000 103.623001
12105.375000 165.600098 0.527000 103.721001
12119.500000 165.831345 0.527000 103.822998
12131.625000 166.042328 0.527000 103.917999
12172.125000 166.247971 0.605000 104.028000
12186.000000 166.451065 0.605000 104.125000
12196.625000 166.654938 0.605000 104.231003
12208.375000 166.882141 0.605000 104.318001
12220.250000 167.085205 0.605000 104.432999
12251.000000 167.294403 0.605000 104.532997
12266.500000 167.497879 0.605000 104.619003
12278.750000 167.707336 0.605000 104.718002
12291.500000 167.911011 0.605000 104.830002
12306.000000 168.111786 0.605000 104.929001
12317.625000 168.313293 0.555000 105.009003
12343.875000 168.514542 0.555000 105.153999
12357.250000 168.715652 0.555000 105.238998
12368.875000 168.916916 0.555000 105.338997
12380.625000 169.118179 0.555000 105.429001
12391.500000 169.319321 0.555000 105.514000
12403.375000 169.520462 0.555000 105.634003
12415.250000 169.721863 0.555000 105.713997
12428.375000 169.923126 0.555000 105.841003
12449.625000 170.128693 0.555000 105.929001
12462.125000 170.344284 0.599000 106.018997
12475.875000 170.547653 0.599000 106.125000
12489.625000 170.749069 0.599000 106.244003
12499.375000 170.950729 0.599000 106.304001
12512.250000 171.151749 0.599000 106.403999
12524.250000 171.352905 0.599000 106.537003
12536.000000 171.559799 0.599000 106.626999
12548.000000 171.760818 0.599000 106.732002
12560.125000 171.962219 0.599000 106.827003
12571.250000 172.169815 0.599000 106.925003
12584.750000 172.388977 0.579000 107.018997
12595.875000 172.590469 0.579000 107.119003
12608.125000 172.791687 0.579000 107.209000
12627.250000 173.002792 0.579000 107.323997
12654.250000 173.204224 0.579000 107.439003
12669.375000 173.405228 0.579000 107.503998
12683.125000 173.626587 0.579000 107.634003
12696.125000 173.827820 0.579000 107.734001
12708.625000 174.038925 0.579000 107.823997
12722.375000 174.240189 0.579000 107.918999
12838.250000 174.441940 0.662000 108.025002
12853.875000 174.441940 0.662000 108.120003
12866.750000 174.847382 0.662000 108.225998
12880.750000 175.048737 0.662000 108.325996
12894.125000 175.048737 0.662000 108.420998
12905.750000 175.451233 0.662000 108.526001
12920.500000 175.652283 0.662000 108.625999
12933.125000 175.652283 0.662000 108.721001
12944.625000 175.853363 0.662000 108.817001
13016.000000 176.054443 0.662000 108.927002
13030.125000 176.257263 0.611000 109.016998
13042.500000 176.466690 0.611000 109.119003
13056.875000 176.673813 0.611000 109.207001
13068.625000 176.875076 0.611000 109.327003
13079.250000 177.076172 0.611000 109.421997
13090.500000 177.277435 0.611000 109.516998
13101.000000 177.478668 0.611000 109.636002
13110.000000 177.688461 0.611000 109.734001
13119.125000 177.892014 0.611000 109.821999
13131.125000 178.093216 0.611000 109.927002
13153.500000 178.294479 0.637000 110.029999
13166.750000 178.502487 0.637000 110.120003
13179.000000 178.713226 0.637000 110.199997
13186.875000 178.924454 0.637000 110.320000
13196.625000 179.125839 0.637000 110.420998
13208.375000 179.327057 0.637000 110.525002
13220.000000 179.534485 0.637000 110.620003
13228.875000 179.739685 0.637000 110.720001
13238.125000 179.941086 0.637000 110.820000
13249.000000 180.142197 0.637000 110.904999
13283.750000 180.343338 0.602000 111.019997
13301.375000 180.544464 0.602000 111.136002
13314.875000 180.745071 0.602000 111.225998
13334.250000 180.956299 0.602000 111.324997
13344.875000 181.165604 0.602000 111.419998
13358.000000 181.367096 0.602000 111.511002
13371.750000 181.568344 0.602000 111.605003
13384.625000 181.769592 0.602000 111.705002
13395.500000 181.972702 0.602000 111.820000
13413.375000 182.183807 0.602000 111.919998
13436.750000 182.392548 0.672000 112.029999
13452.125000 182.392548 0.672000 112.117996
13464.875000 182.600693 0.672000 112.236000
13475.875000 182.804825 0.672000 112.328003
13485.000000 182.804825 0.672000 112.426003
13496.375000 182.984741 0.672000 112.522003
13504.875000 182.984741 0.672000 112.632004
13511.125000 182.984741 0.672000 112.710999
13519.250000 183.186218 0.672000 112.816002
13527.000000 183.392670 0.672000 112.932999
13538.125000 183.392670 0.582000 113.028999
13547.125000 183.597229 0.582000 113.138000
13555.625000 183.801971 0.582000 113.223000
13566.125000 184.034302 0.582000 113.328003
13575.750000 184.235672 0.582000 113.417999
13586.125000 184.436783 0.582000 113.517998
13599.125000 184.637772 0.582000 113.627998
13608.875000 184.849152 0.582000 113.718002
13619.375000 185.050369 0.582000 113.837997
13631.250000 185.257736 0.582000 113.911003
13640.125000 185.462952 0.548000 114.017998
13653.625000 185.664230 0.548000 114.127998
13665.125000 185.897491 0.548000 114.238998
13676.500000 185.897491 0.548000 114.318001
13685.875000 186.308075 0.548000 114.422997
13695.125000 186.509247 0.548000 114.528000
13704.125000 186.509247 0.548000 114.621002
13714.875000 186.913544 0.548000 114.723999
13724.250000 187.118698 0.548000 114.829002
13736.250000 187.323975 0.548000 114.928001
13755.125000 187.323975 0.591000 115.018997
13766.375000 187.532593 0.591000 115.124001
13776.125000 187.761475 0.591000 115.223999
13788.875000 187.962738 0.591000 115.327003
13799.125000 188.163849 0.591000 115.410004
13813.750000 188.364990 0.591000 115.528999
13825.125000 188.566223 0.591000 115.619003
13837.750000 188.767471 0.591000 115.700996
13847.750000 188.968842 0.591000 115.829002
13865.125000 189.169220 0.591000 115.924004
13876.125000 189.369583 0.602000 116.028999
13892.125000 189.571945 0.602000 116.124001
13899.875000 189.571945 0.602000 116.228996
13909.500000 189.772446 0.602000 116.319000
13921.375000 189.772446 0.602000 116.408997
13930.250000 189.974243 0.602000 116.528999
13939.125000 189.974243 0.602000 116.619003
13949.875000 190.174988 0.602000 116.719002
13958.000000 190.375946 0.602000 116.834000
13967.250000 190.375946 0.602000 116.925003
13986.500000 190.582397 0.578000 117.024002
13998.000000 190.795288 0.578000 117.128998
14009.250000 191.002457 0.578000 117.223999
14018.750000 191.203690 0.578000 117.322998
14033.125000 191.404968 0.578000 117.429001
14042.500000 191.606537 0.578000 117.524002
14055.375000 191.807770 0.578000 117.628998
14063.875000 192.012939 0.578000 117.725998
14072.375000 192.222107 0.578000 117.823997
14083.500000 192.431259 0.578000 117.929001
14096.000000 192.632462 0.565000 118.018997
14108.750000 192.853821 0.565000 118.124001
14117.375000 193.055069 0.565000 118.234001
14126.625000 193.256317 0.565000 118.323997
14137.750000 193.495361 0.565000 118.438004
14150.625000 193.702789 0.565000 118.526001
14163.000000 193.910141 0.565000 118.628998
14171.125000 194.111420 0.565000 118.720001
14180.125000 194.312668 0.565000 118.824997
14189.750000 194.513794 0.565000 118.918999
14208.125000 194.714554 0.637000 119.024002
14220.250000 194.923279 0.637000 119.128998
14233.375000 195.126160 0.637000 119.223999
14244.500000 195.335388 0.637000 119.329002
14253.750000 195.536636 0.637000 119.424004
14265.500000 195.737915 0.637000 119.529999
14277.375000 195.939270 0.637000 119.624001
14287.125000 196.140396 0.637000 119.735001
14296.250000 196.353729 0.637000 119.845001
14307.750000 196.563095 0.637000 119.933998
14317.250000 196.563095 0.637000 120.024002
14327.000000 196.766632 0.631000 120.126999
14338.625000 197.172760 0.631000 120.237000
14347.750000 197.172760 0.631000 120.327003
14355.625000 197.378021 0.631000 120.431999
14363.875000 197.585236 0.631000 120.535004
14372.750000 197.792221 0.631000 120.637001
14384.500000 197.997757 0.631000 120.737000
14392.250000 198.199127 0.631000 120.836998
14401.375000 198.400513 0.631000 120.936996
14411.750000 198.802887 0.644000 121.042000
14420.750000 198.802887 0.644000 121.137001
14427.375000 199.004135 0.644000 121.232002
14432.875000 199.205612 0.644000 121.327003
14440.375000 199.406738 0.644000 121.431999
14450.750000 199.638229 0.644000 121.527000
14458.000000 199.847672 0.644000 121.625000
14467.750000 200.057373 0.644000 121.724998
14474.875000 200.258743 0.644000 121.810997
14483.125000 200.460297 0.644000 121.925003
14492.125000 200.661423 0.644000 122.035004
14502.500000 200.862549 0.695000 122.135002
14512.500000 201.064148 0.695000 122.239998
14522.375000 201.265488 0.695000 122.349998
14532.125000 201.466339 0.695000 122.434998
14540.125000 201.669693 0.695000 122.536003
14548.375000 201.870697 0.695000 122.636002
14557.500000 202.071945 0.695000 122.725998
14566.125000 202.273346 0.695000 122.841003
14574.375000 202.474670 0.695000 122.915001
14581.750000 202.689804 0.695000 123.035004
14594.000000 202.895157 0.731000 123.129997
14604.125000 203.115082 0.731000 123.235001
14612.375000 203.315308 0.731000 123.325996
14622.625000 203.524567 0.731000 123.434998
14631.250000 203.725861 0.731000 123.529999
14640.750000 203.927368 0.731000 123.635002
14649.625000 204.128860 0.731000 123.724998
14657.875000 204.329926 0.731000 123.834999
14665.000000 204.531235 0.731000 123.934998
14673.875000 204.732605 0.731000 124.035004
14681.875000 204.934128 0.689000 124.135002
14691.750000 205.155762 0.689000 124.224998
14698.125000 205.359360 0.689000 124.330002
14704.500000 205.578537 0.689000 124.434998
14712.375000 205.779739 0.689000 124.525002
14718.000000 205.980865 0.689000 124.635002
14723.250000 206.187973 0.689000 124.733002
14729.250000 206.395126 0.689000 124.835999
14737.875000 206.596329 0.689000 124.935997
14745.500000 206.797379 0.689000 125.026001
14752.625000 207.000885 0.672000 125.137001
14761.250000 207.000885 0.672000 125.225998
14766.875000 207.207382 0.672000 125.325996
14773.000000 207.408340 0.672000 125.411003
14778.500000 207.609665 0.672000 125.526001
14782.625000 208.012100 0.672000 125.636002
14788.375000 208.213379 0.672000 125.736000
14793.750000 208.414551 0.672000 125.835999
14807.375000 208.615250 0.672000 125.941002
14813.250000 208.615250 0.606000 126.030998
14817.750000 208.823059 0.606000 126.133003
14822.750000 209.032150 0.606000 126.234001
14828.250000 209.233505 0.606000 126.328003
14834.000000 209.434677 0.606000 126.432999
14842.000000 209.635925 0.606000 126.523003
14851.875000 209.837112 0.606000 126.613998
14864.500000 210.038239 0.606000 126.733002
14873.000000 210.239777 0.606000 126.833000
14881.250000 210.446732 0.606000 126.926003
14890.625000 210.651749 0.606000 127.036003
14898.875000 210.852753 0.702000 127.136002
14913.000000 211.057922 0.702000 127.225998
14921.750000 211.263046 0.702000 127.325996
14928.125000 211.463455 0.702000 127.418999
14935.750000 211.668732 0.702000 127.526001
14944.000000 211.870193 0.702000 127.626999
14952.250000 212.071533 0.702000 127.734001
14962.375000 212.277283 0.702000 127.833000
14972.500000 212.484146 0.702000 127.931000
14984.125000 212.685394 0.702000 128.035995
14994.500000 212.887711 0.737000 128.130997
15002.750000 213.090561 0.737000 128.225998
15014.375000 213.291901 0.737000 128.335999
15021.500000 213.492996 0.737000 128.425995
15030.375000 213.492996 0.737000 128.516006
15039.000000 213.905472 0.737000 128.626007
15045.000000 214.106995 0.737000 128.725998
15051.000000 214.312485 0.737000 128.830994
15059.375000 214.312485 0.737000 128.910995
15072.125000 214.519409 0.737000 129.026001
15087.625000 214.720779 0.751000 129.136993
15094.875000 214.943832 0.751000 129.231003
15103.125000 215.154327 0.751000 129.326004
15109.625000 215.355392 0.751000 129.416000
15115.500000 215.562622 0.751000 129.516998
15122.750000 215.771683 0.751000 129.626007
15128.125000 215.972916 0.751000 129.716003
15135.125000 216.174393 0.751000 129.826004
15142.375000 216.375519 0.751000 129.925995
15149.875000 216.576920 0.751000 130.026001
15160.750000 216.778152 0.681000 130.126007
15166.250000 216.996368 0.681000 130.227005
15171.500000 217.206497 0.681000 130.315994
15177.125000 217.407745 0.681000 130.416000
15182.375000 217.608826 0.681000 130.531006
15189.375000 217.810196 0.681000 130.636002
15195.625000 218.011444 0.681000 130.725998
15200.625000 218.212494 0.681000 130.826004
15205.250000 218.427643 0.681000 130.938004
15211.375000 218.640854 0.681000 131.039001
15224.500000 218.850098 0.675000 131.123993
15231.875000 219.055466 0.675000 131.231003
15236.750000 219.270889 0.675000 131.341003
15239.875000 219.472488 0.675000 131.425995
15246.125000 219.675491 0.675000 131.528000
15251.875000 219.876892 0.675000 131.636002
15256.750000 220.086349 0.675000 131.731003
15263.250000 220.086349 0.675000 131.828003
15269.375000 220.489059 0.675000 131.940994
15273.625000 220.489059 0.675000 132.031006
15291.125000 220.690628 0.684000 132.126999
15297.250000 220.893219 0.684000 132.220993
15301.750000 221.093643 0.684000 132.326004
15308.000000 221.093643 0.684000 132.431000
15311.625000 221.301270 0.684000 132.531006
15315.625000 221.301270 0.684000 132.626999
15321.000000 221.508438 0.684000 132.738007
15326.875000 221.715607 0.684000 132.830994
15332.625000 221.923035 0.684000 132.927002
15337.500000 222.124237 0.684000 133.033005
15344.875000 222.329224 0.732000 133.143005
15350.375000 222.536469 0.732000 133.225006
15355.250000 222.748199 0.732000 133.326004
15360.375000 222.957413 0.732000 133.442001
15366.125000 223.166733 0.732000 133.533997
15370.750000 223.367645 0.732000 133.639008
15375.750000 223.569061 0.732000 133.733994
15381.875000 223.770309 0.732000 133.839005
15388.500000 223.971664 0.732000 133.934006
15394.875000 224.183029 0.732000 134.024002
15399.625000 224.386185 0.694000 134.130005
15406.125000 224.591812 0.694000 134.237000
15409.125000 224.800827 0.694000 134.324997
15413.500000 224.800827 0.694000 134.410004
15420.875000 225.221405 0.694000 134.524994
15426.875000 225.422729 0.694000 134.639999
15431.125000 225.623978 0.694000 134.729996
15435.125000 225.825287 0.694000 134.824997
15439.125000 225.825287 0.694000 134.910004
15451.875000 226.048386 0.694000 135.035004
15460.875000 226.279449 0.699000 135.134995
15476.125000 226.464539 0.699000 135.235001
15481.375000 226.666702 0.699000 135.335007
15486.750000 226.666702 0.699000 135.425003
15492.500000 226.666702 0.699000 135.535004
15497.750000 226.874771 0.699000 135.630005
15502.000000 227.077271 0.699000 135.746994
15505.375000 227.077271 0.699000 135.845001
15511.125000 227.287674 0.699000 135.940002
15515.250000 227.495224 0.699000 136.026993
15518.125000 227.695816 0.699000 136.125000
15533.250000 227.898987 0.699000 136.240005
15537.750000 227.898987 0.699000 136.335007
15543.250000 228.107834 0.699000 136.431000
15548.000000 228.315582 0.699000 136.533005
15551.125000 228.526108 0.699000 136.634995
15554.750000 228.735443 0.699000 136.731995
15557.500000 228.940323 0.699000 136.841995
15561.625000 229.141434 0.699000 136.942001
15565.625000 229.378906 0.699000 137.020004
15569.375000 229.586334 0.699000 137.115005
15574.125000 229.791473 0.707000 137.235001
15578.375000 230.012329 0.707000 137.335007
15581.375000 230.225174 0.707000 137.434998
15587.375000 230.425629 0.707000 137.524994
15589.875000 230.425629 0.707000 137.634995
15593.500000 230.639313 0.707000 137.725006
15597.750000 230.846481 0.707000 137.832001
15599.750000 231.074158 0.707000 137.925003
15601.375000 231.285522 0.707000 138.029999
15603.875000 231.486740 0.660000 138.136002
15606.000000 231.689880 0.660000 138.235001
15608.750000 231.890900 0.660000 138.337006
15611.250000 232.100281 0.660000 138.414993
15614.375000 232.301514 0.660000 138.520004
15617.875000 232.504623 0.660000 138.630005
15621.250000 232.709656 0.660000 138.738007
15625.250000 232.910873 0.660000 138.832993
15628.875000 233.111679 0.660000 138.925003
15643.750000 233.111679 0.660000 139.009995
15652.125000 233.315445 0.666000 139.130005
15661.125000 233.497879 0.666000 139.235001
15677.875000 233.636948 0.666000 139.330002
15682.500000 233.746429 0.666000 139.440002
15686.125000 233.832504 0.666000 139.529999
15689.625000 233.832504 0.666000 139.634995
15692.375000 233.832504 0.666000 139.729996
15693.875000 233.881561 0.666000 139.835007
15696.250000 233.881561 0.666000 139.914993
15698.125000 233.881561 0.666000 140.020004
15716.375000 233.948380 0.688000 140.143005
15718.250000 233.948380 0.688000 140.242996
15719.375000 233.948380 0.688000 140.324997
15721.750000 234.151138 0.688000 140.434998
15725.250000 234.354675 0.688000 140.533005
15729.250000 234.354675 0.688000 140.623001
15732.500000 234.562897 0.688000 140.738007
15735.625000 234.771896 0.688000 140.843002
15738.625000 234.973282 0.688000 140.921005
15742.500000 235.200760 0.688000 141.011993
15748.500000 235.412140 0.646000 141.115997
15753.250000 235.618713 0.646000 141.238007
15756.875000 235.823303 0.646000 141.337006
15759.625000 236.030640 0.646000 141.425995
15761.500000 236.231445 0.646000 141.531006
15763.875000 236.434250 0.646000 141.628006
15769.375000 236.644089 0.646000 141.740997
15774.000000 236.844879 0.646000 141.826996
15777.125000 237.046188 0.646000 141.925995
15779.625000 237.247482 0.646000 142.033005
15782.750000 237.450546 0.646000 142.134995
15788.375000 237.657547 0.688000 142.235001
15792.625000 237.861130 0.688000 142.315994
15796.250000 238.082581 0.688000 142.434998
15798.875000 238.283768 0.688000 142.524994
15802.250000 238.487152 0.688000 142.623001
15805.250000 238.691895 0.688000 142.738998
15808.000000 238.901627 0.688000 142.837006
15811.125000 239.102982 0.688000 142.947006
15814.875000 239.306244 0.688000 143.022995
15817.750000 239.507477 0.688000 143.117996
15825.750000 239.716064 0.703000 143.223999
15828.625000 239.923462 0.703000 143.328003
15831.500000 239.923462 0.703000 143.414993
15834.125000 240.124832 0.703000 143.513000
15836.875000 240.526962 0.703000 143.628006
15840.250000 240.526962 0.703000 143.712997
15843.750000 240.939819 0.703000 143.828003
15847.250000 241.141098 0.703000 143.927994
15851.375000 241.342194 0.703000 144.028000
15857.125000 241.543427 0.654000 144.132996
15860.500000 241.543427 0.654000 144.214005
15863.250000 241.947311 0.654000 144.334000
15865.375000 241.947311 0.654000 144.419006
15868.250000 242.148926 0.654000 144.524002
15870.500000 242.372650 0.654000 144.623993
15874.750000 242.583954 0.654000 144.729004
15881.000000 242.788803 0.654000 144.835007
15884.625000 243.016083 0.654000 144.925003
15887.125000 243.217667 0.654000 145.024994
15902.750000 243.421097 0.623000 145.134995
15905.000000 243.627045 0.623000 145.214996
15908.125000 243.836929 0.623000 145.335007
15911.500000 244.038162 0.623000 145.429993
15914.000000 244.251556 0.623000 145.535004
15917.000000 244.461166 0.623000 145.625000
15919.500000 244.662415 0.623000 145.729996
15921.750000 244.863815 0.623000 145.824997
15924.750000 245.064896 0.623000 145.914993
15927.250000 245.266098 0.623000 146.020004
15933.875000 245.472763 0.579000 146.119995
15937.250000 245.680145 0.579000 146.240005
15941.125000 245.892975 0.579000 146.341003
15943.000000 246.100311 0.579000 146.434998
15944.875000 246.301422 0.579000 146.539993
15946.750000 246.502502 0.579000 146.619995
15949.375000 246.752243 0.579000 146.748993
15951.875000 246.953506 0.579000 146.848999
15954.375000 247.154755 0.579000 146.938995
15957.750000 247.356110 0.579000 147.048996
15960.625000 247.556351 0.581000 147.143997
15963.375000 247.556351 0.581000 147.220001
15965.250000 247.768005 0.581000 147.335007
15967.625000 248.027496 0.581000 147.440002
15970.125000 248.232712 0.581000 147.539993
15971.000000 248.441986 0.581000 147.639999
15973.000000 248.651306 0.581000 147.755005
15974.750000 248.882797 0.581000 147.839996
15976.250000 249.084045 0.581000 147.940002
15979.500000 249.285172 0.581000 148.029999
15981.125000 249.498337 0.631000 148.141006
15983.750000 249.709442 0.631000 148.250000
15986.250000 249.944717 0.631000 148.337997
15988.250000 250.151917 0.631000 148.442001
15990.875000 250.353378 0.631000 148.537003
15994.000000 250.554581 0.631000 148.641006
15997.375000 250.755600 0.631000 148.731995
16000.500000 250.755600 0.631000 148.815994
16003.625000 250.966949 0.631000 148.912994
16009.000000 251.373688 0.631000 149.033005
16013.375000 251.373688 0.631000 149.117996
16020.750000 251.575180 0.682000 149.210999
16025.000000 251.780609 0.682000 149.322006
16029.750000 252.020950 0.682000 149.431000
16035.625000 252.230545 0.682000 149.531006
16040.750000 252.451782 0.682000 149.621002
16047.625000 252.654984 0.682000 149.740997
16055.375000 252.894470 0.682000 149.845993
16063.375000 253.095352 0.682000 149.945999
16071.625000 253.303711 0.682000 150.039001
16078.875000 253.509827 0.682000 150.147003
16087.000000 253.729797 0.667000 150.237000
16092.875000 253.729797 0.667000 150.332001
16100.250000 253.933441 0.667000 150.417007
16107.625000 254.147141 0.667000 150.516998
16114.125000 254.354523 0.667000 150.638000
16120.250000 254.555939 0.667000 150.722000
16128.125000 254.757248 0.667000 150.837997
16134.500000 254.960297 0.667000 150.938004
16142.500000 255.169235 0.667000 151.033005
16152.500000 255.374390 0.667000 151.141998
16160.250000 255.582016 0.678000 151.214005
16170.125000 255.783585 0.678000 151.326996
16179.375000 255.984924 0.678000 151.436996
16187.000000 256.186310 0.678000 151.542999
16193.500000 256.387665 0.678000 151.628998
16200.000000 256.589417 0.678000 151.716995
16207.500000 256.790863 0.678000 151.832001
16216.000000 256.997955 0.678000 151.940002
16222.500000 257.199280 0.678000 152.014999
16230.250000 257.400391 0.678000 152.125000
16248.625000 257.601715 0.682000 152.244995
16256.125000 257.803802 0.682000 152.337006
16262.500000 258.017242 0.682000 152.436996
16268.625000 258.220093 0.682000 152.537994
16274.125000 258.421265 0.682000 152.643005
16279.125000 258.630829 0.682000 152.738007
16285.500000 258.863678 0.682000 152.828003
16292.375000 259.073029 0.682000 152.938004
16297.500000 259.274872 0.682000 153.029999
16303.875000 259.274872 0.682000 153.130005
16312.250000 259.481659 0.709000 153.229996
16318.625000 259.698212 0.709000 153.335007
16324.500000 259.902924 0.709000 153.445007
16329.750000 259.902924 0.709000 153.535995
16333.875000 260.109558 0.709000 153.615005
16339.250000 260.519684 0.709000 153.744995
16342.375000 260.519684 0.709000 153.837006
16344.625000 260.724701 0.709000 153.945999
16348.125000 260.964233 0.709000 154.029999
16351.500000 261.173523 0.709000 154.134995
16354.000000 261.374695 0.641000 154.229996
16360.375000 261.577942 0.641000 154.341003
16366.375000 261.785004 0.641000 154.419998
16371.250000 261.988251 0.641000 154.529999
16374.000000 262.195618 0.641000 154.645004
16377.250000 262.400818 0.641000 154.740005
16381.375000 262.602051 0.641000 154.839996
16385.000000 262.803345 0.641000 154.925003
16387.125000 263.004333 0.641000 155.024994
16393.000000 263.211792 0.627000 155.139999
16397.500000 263.415619 0.627000 155.235001
16402.125000 263.616852 0.627000 155.341003
16405.625000 263.817963 0.627000 155.434998
16409.625000 264.019104 0.627000 155.529999
16413.750000 264.220367 0.627000 155.634995
16416.375000 264.421570 0.627000 155.744995
16420.875000 264.630493 0.627000 155.834000
16424.125000 264.831787 0.627000 155.938995
16427.375000 265.042877 0.627000 156.033997
16432.375000 265.274323 0.627000 156.128998
16433.750000 265.486694 0.678000 156.229004
16438.000000 265.696503 0.678000 156.335999
16442.000000 265.897705 0.678000 156.431000
16446.000000 265.897705 0.678000 156.520996
16450.750000 266.310425 0.678000 156.630997
16454.875000 266.310425 0.678000 156.720993
16457.375000 266.511627 0.678000 156.826004
16459.750000 266.913971 0.678000 156.940994
16462.000000 267.115295 0.678000 157.031006
16463.750000 267.316589 0.678000 157.130997
16466.250000 267.519867 0.678000 157.231995
16468.000000 267.519867 0.761000 157.330994
16470.000000 267.731262 0.761000 157.431000
16471.375000 268.141479 0.761000 157.541000
16475.875000 268.141479 0.761000 157.636002
16480.250000 268.346680 0.761000 157.735992
16483.625000 268.568237 0.761000 157.841003
16486.375000 268.785736 0.761000 157.938004
16491.500000 269.018982 0.761000 158.046997
16494.000000 269.228027 0.761000 158.130997
16499.625000 269.457977 0.693000 158.250000
16504.250000 269.659637 0.693000 158.350006
16507.625000 269.902161 0.693000 158.440994
16510.625000 270.103577 0.693000 158.541000
16512.250000 270.306915 0.693000 158.641006
16516.625000 270.516479 0.693000 158.735992
16518.250000 270.717865 0.693000 158.826004
16521.125000 270.921143 0.693000 158.936005
16524.500000 271.122406 0.693000 159.031998
16529.750000 271.331696 0.693000 159.141006
16534.500000 271.331696 0.668000 159.231003
16538.625000 271.542725 0.668000 159.339005
16541.500000 271.953705 0.668000 159.449005
16544.875000 272.154846 0.668000 159.548996
16547.250000 272.356323 0.668000 159.654007
16549.250000 272.356323 0.668000 159.738998
16551.750000 272.557678 0.668000 159.841003
16555.125000 272.762939 0.668000 159.940994
16560.375000 272.964172 0.668000 160.041000
16563.750000 273.165161 0.668000 160.141006
16568.375000 273.366425 0.671000 160.240997
16571.625000 273.598358 0.671000 160.330994
16575.125000 273.799591 0.671000 160.427002
16579.750000 274.030914 0.671000 160.535995
16583.250000 274.232147 0.671000 160.641006
16587.375000 274.451538 0.671000 160.740997
16590.500000 274.652924 0.671000 160.841003
16593.250000 274.864471 0.671000 160.936005
16596.125000 275.065735 0.671000 161.041000
16600.125000 275.277130 0.671000 161.141998
16608.375000 275.498291 0.655000 161.225998
16613.375000 275.709167 0.655000 161.335999
16617.250000 275.910370 0.655000 161.431000
16622.000000 276.117340 0.655000 161.541000
16626.500000 276.326935 0.655000 161.647995
16627.750000 276.538422 0.655000 161.742004
16631.625000 276.538422 0.655000 161.820999
16635.375000 276.947144 0.655000 161.940994
16638.375000 277.148254 0.655000 162.031006
16646.250000 277.349487 0.655000 162.145996
16652.125000 277.556732 0.737000 162.240997
16657.250000 277.761597 0.737000 162.341995
16660.250000 277.962677 0.737000 162.436005
16665.250000 278.163910 0.737000 162.541000
16668.250000 278.373627 0.737000 162.649994
16670.750000 278.373627 0.737000 162.729996
16672.625000 278.776001 0.737000 162.850006
16675.125000 278.976990 0.737000 162.945007
16677.000000 279.179993 0.737000 163.041000
16679.625000 279.381104 0.737000 163.141006
16682.000000 279.582214 0.737000 163.240997
16687.875000 279.784271 0.771000 163.345993
16689.875000 279.784271 0.771000 163.440994
16692.625000 279.990021 0.771000 163.539993
16694.750000 280.217316 0.771000 163.625000
16697.625000 280.418579 0.771000 163.740997
16701.125000 280.621857 0.771000 163.820007
16704.125000 280.831207 0.771000 163.925003
16706.875000 281.032318 0.771000 164.029007
16710.375000 281.233429 0.771000 164.139999
16713.750000 281.456909 0.756000 164.250000
16717.875000 281.666016 0.756000 164.330002
16720.375000 281.887390 0.756000 164.445007
16723.000000 282.088593 0.756000 164.520004
16724.875000 282.320068 0.756000 164.630005
16726.375000 282.541199 0.756000 164.744003
16728.375000 282.752533 0.756000 164.845001
16731.000000 282.953522 0.756000 164.934998
16734.375000 283.154755 0.756000 165.039993
16738.375000 283.355743 0.756000 165.145004
16741.250000 283.559265 0.596000 165.240005
16744.250000 283.768402 0.596000 165.330002
16746.000000 283.969482 0.596000 165.440994
16748.000000 284.172577 0.596000 165.542999
16750.375000 284.382111 0.596000 165.641006
16751.750000 284.382111 0.596000 165.731003
16753.000000 284.784790 0.596000 165.835007
16754.000000 284.986023 0.596000 165.934998
16755.125000 285.187103 0.596000 166.039993
16756.125000 285.390442 0.596000 166.141998
16761.000000 285.390442 0.568000 166.240005
16764.000000 285.598053 0.568000 166.345001
16767.625000 285.800018 0.568000 166.440002
16770.000000 286.029236 0.568000 166.548004
16772.500000 286.236542 0.568000 166.641998
16774.625000 286.475922 0.568000 166.746994
16777.375000 286.683289 0.568000 166.845001
16778.250000 286.904327 0.568000 166.940002
16779.375000 287.114044 0.568000 167.044006
16780.875000 287.319214 0.568000 167.145996
16791.875000 287.526733 0.572000 167.240005
16793.625000 287.728546 0.572000 167.339996
16796.000000 287.929291 0.572000 167.440002
16798.000000 288.132355 0.572000 167.541000
16799.125000 288.348022 0.572000 167.639999
16801.125000 288.553253 0.572000 167.740005
16803.375000 288.754150 0.572000 167.839996
16804.500000 288.955353 0.572000 167.940002
16805.250000 289.156616 0.572000 168.039993
16806.375000 289.357819 0.572000 168.139999
16809.750000 289.558563 0.592000 168.240005
16812.375000 289.759949 0.592000 168.350006
16814.250000 289.961212 0.592000 168.429993
16815.500000 290.162384 0.592000 168.544998
16817.000000 290.367615 0.592000 168.647003
16819.375000 290.568970 0.592000 168.751999
16821.000000 290.770233 0.592000 168.847000
16822.375000 290.979614 0.592000 168.945999
16825.375000 291.188477 0.592000 169.044998
16827.250000 291.389587 0.592000 169.139999
16828.250000 291.591095 0.609000 169.244995
16829.375000 291.792328 0.609000 169.339996
16831.250000 291.997864 0.609000 169.447006
16833.000000 292.199127 0.609000 169.546997
16834.000000 292.199127 0.609000 169.639999
16836.000000 292.406464 0.609000 169.740005
16839.875000 292.607635 0.609000 169.835007
16842.500000 292.808624 0.609000 169.940002
16845.250000 293.217010 0.609000 170.052994
16849.125000 293.217010 0.609000 170.141998
16859.125000 293.426605 0.582000 170.240005
16863.000000 293.679474 0.582000 170.339996
16864.500000 293.889740 0.582000 170.440002
16868.375000 294.131195 0.582000 170.535995
16870.875000 294.342682 0.582000 170.639999
16873.625000 294.543823 0.582000 170.740005
16876.375000 294.745056 0.582000 170.839996
16878.875000 294.964569 0.582000 170.949005
16882.375000 295.165863 0.582000 171.029007
16885.375000 295.367279 0.582000 171.149002
16894.125000 295.571625 0.580000 171.248993
16897.375000 295.571625 0.580000 171.335007
16899.375000 295.982758 0.580000 171.445007
16902.500000 295.982758 0.580000 171.539993
16904.250000 296.190094 0.580000 171.636002
16909.000000 296.395264 0.580000 171.742004
16913.750000 296.626617 0.580000 171.839996
16915.625000 296.838226 0.580000 171.934998
16918.750000 297.061584 0.580000 172.039993
16921.500000 297.270966 0.580000 172.104996
16933.375000 297.474213 0.659000 172.237000
16938.000000 297.679871 0.659000 172.337006
16940.500000 297.880798 0.659000 172.442001
16941.625000 298.082031 0.659000 172.542007
16943.875000 298.283264 0.659000 172.647003
16945.875000 298.490662 0.659000 172.740005
16948.125000 298.692139 0.659000 172.845001
16950.000000 298.901398 0.659000 172.945999
16953.250000 299.134521 0.659000 173.046997
16955.750000 299.347748 0.659000 173.145004
16960.875000 299.567200 0.547000 173.250000
16966.875000 299.567200 0.547000 173.320007
16971.875000 299.980103 0.547000 173.445007
16975.125000 300.181610 0.547000 173.546005
16978.250000 300.382843 0.547000 173.634995
16982.000000 300.586060 0.547000 173.740005
16986.625000 300.789062 0.547000 173.847000
16990.125000 300.996307 0.547000 173.955002
16993.125000 301.197540 0.547000 174.054993
16995.375000 301.398651 0.547000 174.154999
16998.250000 301.600006 0.537000 174.255005
17001.125000 301.801422 0.537000 174.354996
17003.500000 302.002716 0.537000 174.455002
17005.000000 302.204132 0.537000 174.559998
17007.250000 302.405426 0.537000 174.660004
17009.625000 302.606567 0.537000 174.759995
17012.000000 302.807953 0.537000 174.854996
17014.125000 303.009247 0.537000 174.949997
17017.500000 303.210632 0.537000 175.059998
17019.625000 303.411926 0.537000 175.154999
17022.375000 303.411926 0.535000 175.238007
17024.500000 303.619263 0.535000 175.330002
17027.000000 304.025848 0.535000 175.445007
17029.750000 304.227051 0.535000 175.544998
17031.375000 304.428711 0.535000 175.649994
17033.250000 304.630096 0.535000 175.755005
17036.375000 304.831360 0.535000 175.854996
17038.750000 305.038513 0.535000 175.949997
17040.875000 305.243591 0.535000 176.050003
17043.875000 305.243591 0.555000 176.130997
17045.875000 305.646423 0.555000 176.255997
17049.625000 305.646423 0.555000 176.345001
17054.250000 305.855743 0.555000 176.449997
17055.125000 306.056824 0.555000 176.544998
17057.500000 306.268036 0.555000 176.625000
17059.250000 306.509644 0.555000 176.750000
17061.375000 306.721100 0.555000 176.839996
17078.375000 306.922424 0.555000 176.955002
17081.500000 307.123932 0.555000 177.024994
17087.500000 307.325287 0.538000 177.149994
17089.750000 307.556274 0.538000 177.255005
17091.250000 307.757660 0.538000 177.350006
17092.750000 307.960541 0.538000 177.419998
17094.500000 308.199982 0.538000 177.544998
17098.750000 308.417053 0.538000 177.653000
17103.250000 308.622498 0.538000 177.740005
17104.750000 308.824036 0.538000 177.845001
17106.625000 309.029449 0.538000 177.957001
17107.875000 309.236877 0.538000 178.050003
17110.750000 309.438080 0.551000 178.139999
17113.750000 309.639282 0.551000 178.244995
17115.500000 309.840698 0.551000 178.352005
17118.000000 310.041626 0.551000 178.449997
17122.750000 310.242828 0.551000 178.546005
17125.125000 310.444336 0.551000 178.654999
17126.750000 310.645630 0.551000 178.750000
17129.500000 310.853302 0.551000 178.858002
17132.375000 311.060791 0.551000 178.949997
17135.000000 311.270294 0.551000 179.050003
17137.375000 311.270294 0.551000 179.139999
17146.500000 311.471497 0.590000 179.240005
17148.875000 311.678223 0.590000 179.350006
17151.000000 312.083832 0.590000 179.455994
17154.125000 312.083832 0.590000 179.548996
17156.375000 312.291534 0.590000 179.654007
17159.750000 312.492798 0.590000 179.751007
17161.500000 312.748322 0.590000 179.850998
17163.000000 312.949585 0.590000 179.951996
17165.000000 313.173248 0.590000 180.056000
17167.375000 313.374115 0.580000 180.153000
17170.000000 313.575134 0.580000 180.259995
17171.375000 313.812836 0.580000 180.360001
17173.500000 314.054443 0.580000 180.455002
17175.500000 314.257690 0.580000 180.550995
17179.250000 314.459045 0.580000 180.651001
17182.375000 314.662933 0.580000 180.757004
17185.250000 314.864014 0.580000 180.856995
17189.875000 315.067017 0.580000 180.951996
17194.750000 315.276123 0.580000 181.057007
17210.875000 315.477295 0.569000 181.162003
17218.125000 315.683350 0.569000 181.259995
17226.875000 315.884521 0.569000 181.356995
17242.250000 316.087891 0.569000 181.457001
17259.625000 316.297363 0.569000 181.561996
17278.250000 316.498962 0.569000 181.656998
17291.625000 316.700104 0.569000 181.757004
17302.250000 316.903503 0.569000 181.856995
17312.250000 317.113037 0.569000 181.957001
17319.875000 317.113037 0.569000 182.035004
17328.000000 317.320740 0.569000 182.147995
17342.500000 317.527863 0.582000 182.257004
17349.375000 317.766357 0.582000 182.356995
17355.875000 317.996338 0.582000 182.459000
17361.750000 318.197968 0.582000 182.557007
17367.125000 318.405457 0.582000 182.632004
17373.750000 318.637115 0.582000 182.757004
17379.375000 318.840393 0.582000 182.852005
17386.125000 319.041504 0.582000 182.953003
17396.250000 319.248199 0.582000 183.057007
17401.625000 319.248199 0.582000 183.164993
17410.750000 319.451019 0.619000 183.257004
17415.125000 319.692352 0.619000 183.341995
17421.875000 319.897430 0.619000 183.451996
17427.500000 320.098785 0.619000 183.557999
17433.625000 320.299896 0.619000 183.656998
17438.750000 320.501587 0.619000 183.757004
17444.625000 320.703186 0.619000 183.858002
17449.250000 320.904480 0.619000 183.960007
17455.750000 321.117859 0.619000 184.063004
17461.375000 321.319092 0.619000 184.156998
17467.000000 321.525452 0.590000 184.257004
17471.000000 321.728180 0.590000 184.363007
17477.750000 321.728180 0.590000 184.457001
17481.250000 321.937164 0.590000 184.557007
17485.500000 322.168488 0.590000 184.656998
17490.250000 322.379425 0.590000 184.751999
17493.750000 322.616882 0.590000 184.856995
17497.125000 322.822784 0.590000 184.957001
17502.500000 323.084045 0.590000 185.057007
17508.250000 323.303589 0.589000 185.166000
17512.375000 323.513580 0.589000 185.266006
17518.250000 323.716858 0.589000 185.358002
17521.500000 323.917908 0.589000 185.457001
17525.000000 324.119537 0.589000 185.557999
17531.125000 324.320618 0.589000 185.656998
17537.375000 324.521729 0.589000 185.759995
17540.375000 324.726624 0.589000 185.858994
17549.750000 324.726624 0.589000 185.959000
17554.125000 324.931915 0.589000 186.056000
17557.750000 325.130524 0.587000 186.160995
17561.125000 325.298431 0.587000 186.244995
17563.875000 325.405457 0.587000 186.358994
17567.250000 325.478577 0.587000 186.453995
17569.125000 325.478577 0.587000 186.559006
17570.000000 325.521729 0.587000 186.649002
17571.125000 325.528717 0.587000 186.748993
17572.375000 325.528717 0.587000 186.867996
17573.500000 325.528717 0.587000 186.962997
17573.625000 325.528717 0.587000 187.063004
17575.750000 325.528717 0.587000 187.167999
17578.500000 325.528717 0.593000 187.272995
17578.750000 325.528717 0.593000 187.367996
17579.000000 325.528717 0.593000 187.468002
17579.125000 325.528717 0.593000 187.559006
17579.375000 325.528717 0.593000 187.667999
17579.750000 325.528839 0.593000 187.757996
17580.000000 325.528839 0.593000 187.867996
17580.000000 325.528839 0.593000 187.959000
17580.500000 325.528839 0.593000 188.054001
17583.000000 325.732971 0.567000 188.164001
17583.500000 325.941925 0.567000 188.259003
17584.125000 325.941925 0.567000 188.365997
17585.000000 326.142151 0.567000 188.466003
17586.000000 326.351013 0.567000 188.550995
17587.250000 326.569977 0.567000 188.654007
17588.125000 326.789612 0.567000 188.759003
17589.750000 326.995026 0.567000 188.865997
17590.625000 327.266754 0.567000 188.966003
17591.500000 327.473663 0.567000 189.065994
17592.500000 327.674408 0.567000 189.166000
17593.500000 327.878723 0.605000 189.253998
17594.250000 327.878723 0.605000 189.358994
17594.875000 328.095306 0.605000 189.459000
17596.250000 328.309387 0.605000 189.565994
17597.625000 328.570251 0.605000 189.662994
17598.000000 328.775787 0.605000 189.753998
17598.500000 328.991333 0.605000 189.858994
17599.375000 329.196564 0.605000 189.964005
17599.500000 329.399841 0.605000 190.059006
17600.875000 329.399841 0.605000 190.143997
17601.625000 329.601318 0.576000 190.259995
17602.125000 329.804138 0.576000 190.365005
17602.625000 330.027344 0.576000 190.466003
17603.375000 330.238800 0.576000 190.563995
17604.125000 330.441895 0.576000 190.649002
17606.000000 330.651031 0.576000 190.759995
17607.875000 330.861237 0.576000 190.858994
17609.625000 331.064087 0.576000 190.964005
17612.250000 331.280670 0.576000 191.067993
17614.625000 331.481903 0.555000 191.167999
17616.625000 331.694611 0.555000 191.274002
17619.375000 331.895966 0.555000 191.369003
17621.500000 332.127441 0.555000 191.459000
17624.250000 332.338684 0.555000 191.563995
17627.750000 332.559906 0.555000 191.673996
17630.250000 332.761261 0.555000 191.768997
17632.875000 332.962616 0.555000 191.858994
17634.625000 333.163849 0.555000 191.959000
17637.375000 333.163849 0.555000 192.054001
17640.000000 333.371490 0.576000 192.169006
17642.000000 333.609680 0.576000 192.259003
17643.875000 333.818756 0.576000 192.350006
17645.500000 334.027344 0.576000 192.459000
17647.875000 334.228577 0.576000 192.544006
17650.000000 334.433960 0.576000 192.649002
17651.750000 334.639038 0.576000 192.768005
17653.625000 334.844086 0.576000 192.869995
17656.000000 335.045319 0.576000 192.964996
17658.000000 335.260651 0.576000 193.059006
17660.125000 335.465912 0.576000 193.158997
17671.500000 335.667023 0.591000 193.259003
17674.000000 335.667023 0.591000 193.358994
17675.500000 335.872284 0.591000 193.453995
17676.625000 336.081726 0.591000 193.563995
17677.750000 336.282776 0.591000 193.664001
17679.750000 336.484009 0.591000 193.753998
17681.125000 336.695343 0.591000 193.858994
17682.500000 336.954865 0.591000 193.957993
17684.250000 337.157715 0.591000 194.052994
17686.250000 337.369446 0.591000 194.158005
17694.500000 337.573547 0.567000 194.259003
17696.875000 337.573547 0.567000 194.317993
17699.625000 338.017883 0.567000 194.464996
17700.625000 338.227234 0.567000 194.559006
17704.000000 338.428436 0.567000 194.658997
17706.625000 338.629486 0.567000 194.759003
17708.000000 338.840698 0.567000 194.863998
17709.250000 339.041962 0.567000 194.964005
17710.875000 339.243011 0.567000 195.063995
17712.125000 339.444183 0.548000 195.158997
17719.250000 339.444183 0.548000 195.259003
17721.125000 339.650757 0.548000 195.363998
17723.875000 339.886169 0.548000 195.459000
17724.875000 340.095428 0.548000 195.554001
17726.500000 340.298645 0.548000 195.654007
17728.000000 340.507965 0.548000 195.759003
17730.500000 340.709198 0.548000 195.858994
17732.000000 340.910400 0.548000 195.953995
17733.875000 341.111694 0.548000 196.059006
17743.375000 341.341400 0.539000 196.158997
17745.500000 341.545135 0.539000 196.264999
17747.000000 341.746521 0.539000 196.358994
17748.125000 341.955719 0.539000 196.459000
17749.750000 342.157104 0.539000 196.559998
17750.625000 342.388611 0.539000 196.658997
17752.000000 342.599823 0.539000 196.759003
17755.000000 342.801147 0.539000 196.869995
17756.625000 343.002563 0.539000 196.959000
17757.250000 343.209961 0.539000 197.059998
17760.250000 343.417175 0.539000 197.164993
17763.375000 343.623291 0.539000 197.253998
17766.875000 343.830566 0.539000 197.363998
17768.375000 344.032166 0.539000 197.464005
17771.250000 344.032166 0.539000 197.559006
17772.625000 344.434631 0.539000 197.664001
17774.000000 344.636261 0.539000 197.764008
17775.875000 344.837555 0.539000 197.863998
17776.750000 345.038300 0.539000 197.968994
17777.875000 345.038300 0.539000 198.061005
17778.500000 345.445312 0.546000 198.166000
17781.125000 345.445312 0.546000 198.264999
17782.875000 345.654572 0.546000 198.365005
17784.625000 345.856079 0.546000 198.429993
17786.750000 346.258453 0.546000 198.570007
17788.250000 346.258453 0.546000 198.658997
17790.000000 346.467682 0.546000 198.759003
17791.000000 346.668976 0.546000 198.858994
17792.000000 346.872498 0.546000 198.959000
17793.500000 347.091888 0.546000 199.059006
17794.250000 347.293213 0.549000 199.149002
17795.000000 347.512817 0.549000 199.259003
17798.125000 347.716156 0.549000 199.354004
17799.625000 347.917786 0.549000 199.468994
17801.750000 348.129272 0.549000 199.563995
17804.500000 348.330658 0.549000 199.658997
17807.250000 348.562317 0.549000 199.768997
17810.125000 348.773590 0.549000 199.869003
17812.875000 348.974731 0.549000 199.968994
17815.375000 349.176117 0.549000 200.069000
17818.000000 349.377380 0.540000 200.173996
17820.750000 349.579285 0.540000 200.268997
17822.875000 349.780396 0.540000 200.363998
17825.625000 349.981873 0.540000 200.468002
17826.500000 350.185181 0.540000 200.559998
17828.375000 350.402985 0.540000 200.667999
17829.875000 350.608246 0.540000 200.761002
17832.250000 350.839813 0.540000 200.865005
17835.000000 351.045227 0.540000 200.957993
17837.125000 351.250641 0.540000 201.061996
17839.625000 351.454071 0.544000 201.156998
17841.000000 351.654968 0.544000 201.270004
17842.750000 351.856110 0.544000 201.360001
17845.000000 352.057465 0.544000 201.460007
17848.000000 352.260895 0.544000 201.565994
17850.750000 352.469971 0.544000 201.664993
17853.125000 352.671112 0.544000 201.759995
17855.625000 352.872467 0.544000 201.860001
17859.000000 353.073425 0.544000 201.960999
17862.875000 353.274628 0.544000 202.059998
17865.500000 353.475891 0.514000 202.160004
17866.875000 353.677277 0.514000 202.259995
17869.375000 353.878448 0.514000 202.354996
17871.750000 354.079681 0.514000 202.470001
17873.875000 354.280945 0.514000 202.561005
17875.625000 354.482178 0.514000 202.660004
17877.750000 354.683411 0.514000 202.759995
17879.875000 354.683411 0.514000 202.850006
17882.625000 355.085724 0.514000 202.955002
17885.250000 355.085724 0.514000 203.044998
17893.500000 355.286865 0.494000 203.154999
17896.000000 355.495087 0.494000 203.259995
17898.125000 355.910522 0.494000 203.373993
17901.000000 356.111877 0.494000 203.468994
17903.625000 356.313232 0.494000 203.569000
17906.750000 356.514465 0.494000 203.669006
17909.000000 356.514465 0.494000 203.759995
17912.625000 356.737793 0.494000 203.860992
17916.375000 356.989868 0.494000 203.970001
17919.125000 357.211334 0.494000 204.074997
17926.875000 357.422577 0.531000 204.169998
17930.750000 357.666473 0.531000 204.264999
17932.875000 357.867798 0.531000 204.360001
17936.875000 358.069061 0.531000 204.460007
17940.375000 358.270325 0.531000 204.559998
17945.000000 358.471588 0.531000 204.660004
17951.375000 358.672638 0.531000 204.759995
17958.750000 358.873901 0.531000 204.865005
17966.875000 358.873901 0.531000 204.940002
17975.750000 359.276459 0.531000 205.059998
17986.625000 359.477692 0.513000 205.160004
17995.500000 359.689484 0.513000 205.251007
18000.500000 359.893127 0.513000 205.360001
18008.000000 360.100128 0.513000 205.460007
18013.125000 360.303406 0.513000 205.561005
18019.500000 360.512482 0.513000 205.660004
18025.000000 360.713562 0.513000 205.759995
18030.250000 360.914886 0.513000 205.865005
18036.125000 361.118134 0.513000 205.960999
18038.875000 361.327332 0.513000 206.065002
18049.750000 361.327332 0.511000 206.160004
18053.125000 361.556335 0.511000 206.244995
18055.375000 361.779388 0.511000 206.360001
18058.125000 361.998596 0.511000 206.460007
18062.375000 362.242188 0.511000 206.559998
18065.625000 362.461487 0.511000 206.649994
18068.125000 362.672729 0.511000 206.755005
18070.625000 362.873962 0.511000 206.854996
18074.000000 363.075104 0.511000 206.964996
18076.375000 363.276367 0.511000 207.059998
18084.750000 363.477600 0.521000 207.160004
18088.250000 363.682159 0.521000 207.266006
18090.500000 363.889557 0.521000 207.360001
18091.875000 364.090515 0.521000 207.449997
18094.000000 364.291626 0.521000 207.559998
18097.375000 364.495056 0.521000 207.649994
18099.125000 364.722229 0.521000 207.764008
18102.375000 364.923370 0.521000 207.858994
18105.000000 365.132355 0.521000 207.959000
18107.000000 365.341797 0.521000 208.063995
18107.875000 365.341797 0.521000 208.149002
18114.625000 365.547028 0.573000 208.259003
18117.250000 365.750275 0.573000 208.363998
18119.625000 365.963684 0.573000 208.464996
18123.000000 366.173096 0.573000 208.567001
18125.125000 366.382202 0.573000 208.628998
18129.750000 366.603851 0.573000 208.748993
18132.000000 366.804901 0.573000 208.854004
18133.500000 367.028259 0.573000 208.964996
18135.000000 367.277649 0.573000 209.059998
18137.625000 367.478790 0.561000 209.158997
18138.625000 367.704010 0.561000 209.264008
18140.250000 367.911194 0.561000 209.358994
18142.625000 368.122284 0.561000 209.459000
18145.500000 368.323547 0.561000 209.565002
18149.250000 368.323547 0.561000 209.639008
18151.500000 368.725586 0.561000 209.764008
18153.125000 368.926819 0.561000 209.858994
18154.125000 368.926819 0.561000 209.914001
18155.125000 369.127960 0.561000 210.018997
18158.125000 369.331116 0.561000 210.119003
18164.000000 369.540344 0.523000 210.223999
18165.625000 369.757294 0.523000 210.315002
18168.125000 369.994904 0.523000 210.404007
18170.625000 370.196167 0.523000 210.518997
18172.750000 370.397369 0.523000 210.613998
18176.625000 370.600342 0.523000 210.705002
18179.250000 370.809692 0.523000 210.813995
18198.375000 371.010925 0.523000 210.934006
18202.500000 371.222260 0.523000 211.020996
18205.875000 371.441833 0.523000 211.117996
18216.125000 371.643707 0.543000 211.210007
18222.500000 371.844360 0.543000 211.324997
18228.750000 371.844360 0.543000 211.419998
18232.375000 372.051514 0.543000 211.509995
18235.625000 372.051514 0.543000 211.621002
18238.875000 372.252228 0.543000 211.720001
18240.625000 372.252228 0.543000 211.828003
18246.125000 372.252228 0.543000 211.914993
18255.375000 372.347137 0.543000 212.022003
18262.250000 372.347137 0.543000 212.119995
18264.125000 372.347137 0.577000 212.214996
18264.875000 372.347382 0.577000 212.320999
18265.250000 372.347382 0.577000 212.419998
18265.750000 372.351288 0.577000 212.524002
18267.375000 372.351288 0.577000 212.608994
18267.875000 372.351288 0.577000 212.723999
18268.375000 372.439819 0.577000 212.824005
18271.625000 372.439819 0.577000 212.923996
18273.625000 372.642029 0.577000 213.014999
18278.625000 372.642029 0.577000 213.110992
18294.000000 372.842743 0.589000 213.227997
18297.125000 373.044189 0.589000 213.317993
18300.875000 373.266205 0.589000 213.403000
18305.875000 373.467346 0.589000 213.528000
18311.250000 373.692780 0.589000 213.619995
18315.500000 373.914185 0.589000 213.725006
18320.375000 374.115387 0.589000 213.815002
18326.625000 374.316254 0.589000 213.919998
18330.750000 374.517426 0.589000 214.014999
18336.125000 374.718414 0.589000 214.110001
18350.000000 374.925262 0.542000 214.220001
18360.625000 375.131195 0.542000 214.319000
18369.625000 375.332428 0.542000 214.434006
18376.250000 375.533630 0.542000 214.529007
18383.375000 375.736786 0.542000 214.619995
18393.250000 375.736786 0.542000 214.710007
18404.375000 375.937897 0.542000 214.806000
18414.000000 376.342346 0.542000 214.925995
18423.375000 376.342346 0.542000 215.020004
18432.875000 376.551605 0.542000 215.106995
18447.125000 376.757294 0.572000 215.195007
18459.250000 376.980133 0.572000 215.322006
18467.375000 377.181396 0.572000 215.393005
18475.250000 377.391144 0.572000 215.496994
18484.500000 377.592255 0.572000 215.612000
18493.875000 377.793549 0.572000 215.718002
18503.750000 377.994659 0.572000 215.804993
18514.750000 378.196259 0.572000 215.921997
18531.250000 378.397003 0.572000 216.011993
18548.375000 378.605133 0.572000 216.106995
18570.875000 378.783661 0.605000 216.216995
18579.750000 378.783661 0.605000 216.328003
18586.250000 378.986206 0.605000 216.412003
18593.750000 379.123383 0.605000 216.522003
18600.500000 379.123383 0.605000 216.613998
18607.000000 379.123383 0.605000 216.712006
18613.500000 379.324738 0.605000 216.796997
18619.000000 379.324738 0.605000 216.912003
18624.375000 379.526672 0.605000 217.029999
18632.750000 379.738495 0.605000 217.098007
18648.750000 379.947906 0.585000 217.223007
18656.625000 380.149628 0.585000 217.309998
18665.750000 380.396759 0.585000 217.404999
18671.625000 380.597992 0.585000 217.520004
18678.875000 380.799103 0.585000 217.595001
18685.250000 381.020752 0.585000 217.716003
18692.875000 381.230713 0.585000 217.826004
18702.000000 381.437592 0.585000 217.917007
18707.000000 381.646851 0.585000 218.020996
18716.750000 381.847290 0.585000 218.126007
18728.750000 381.847290 0.589000 218.233994
18736.625000 382.039886 0.589000 218.317001
18742.375000 382.243225 0.589000 218.417007
18746.375000 382.447571 0.589000 218.496994
18757.500000 382.648895 0.589000 218.617004
18766.750000 382.852295 0.589000 218.723007
18772.750000 382.852295 0.589000 218.807007
18779.125000 383.058655 0.589000 218.921997
18788.375000 383.266449 0.589000 219.011993
18795.500000 383.473846 0.589000 219.117004
18807.000000 383.715363 0.568000 219.227005
18816.750000 383.920990 0.568000 219.317001
18826.125000 384.128174 0.568000 219.421997
18836.000000 384.334778 0.568000 219.520004
18841.875000 384.535797 0.568000 219.625000
18848.375000 384.737030 0.568000 219.735001
