333.500000 0.000000 0.000000 2.165000
338.250000 0.000000 0.000000 2.265000
341.125000 0.000000 0.000000 2.370000
343.000000 0.000000 0.000000 2.465000
345.000000 0.000000 0.000000 2.570000
346.250000 0.000000 0.000000 2.645000
348.125000 0.000000 0.000000 2.745000
348.750000 0.000000 0.000000 2.845000
349.125000 0.000000 0.000000 2.965000
350.000000 0.000000 0.000000 3.065000
350.375000 0.000000 0.000000 3.160000
351.125000 0.000000 0.000000 3.246000
351.750000 0.000000 0.000000 3.360000
352.250000 0.000000 0.000000 3.445000
352.875000 0.000000 0.000000 3.560000
353.125000 0.000000 0.000000 3.665000
353.125000 0.000000 0.000000 3.770000
353.500000 0.000000 0.000000 3.865000
354.000000 0.000000 0.000000 3.965000
354.250000 0.000000 0.000000 4.045000
354.250000 0.000000 0.000000 4.145000
354.500000 0.000000 0.000000 4.245000
354.625000 0.000000 0.000000 4.345000
354.875000 0.000000 0.000000 4.445000
355.125000 0.000000 0.000000 4.565000
355.375000 0.000000 0.000000 4.665000
355.625000 0.000000 0.000000 4.745000
355.750000 0.000000 0.000000 4.865000
355.875000 0.000000 0.000000 4.940000
355.875000 0.000000 0.000000 5.045000
356.000000 0.000000 0.000000 5.165000
356.000000 0.000000 0.000000 5.265000
356.250000 0.000000 0.000000 5.345000
356.500000 0.000000 0.000000 5.445000
356.625000 0.000000 0.000000 5.560000
356.750000 0.000000 0.000000 5.640000
357.000000 0.000000 0.000000 5.765000
357.000000 0.000000 0.000000 5.845000
357.125000 0.000000 0.000000 5.960000
357.250000 0.000000 0.000000 6.045000
357.375000 0.000000 0.000000 6.165000
357.750000 0.000000 0.000000 6.265000
357.875000 0.000000 0.000000 6.370000
357.875000 0.000000 0.000000 6.465000
357.875000 0.000000 0.000000 6.565000
358.000000 0.000000 0.000000 6.670000
358.250000 0.000000 0.000000 6.760000
358.500000 0.000000 0.000000 6.840000
358.625000 0.000000 0.000000 6.945000
358.750000 0.000000 0.000000 7.065000
359.125000 0.000000 0.000000 7.165000
359.250000 0.000000 0.000000 7.265000
359.250000 0.000000 0.000000 7.345000
359.375000 0.000000 0.000000 7.445000
359.500000 0.000000 0.000000 7.560000
359.875000 0.000000 0.000000 7.665000
359.875000 0.000000 0.000000 7.775000
360.125000 0.000000 0.000000 7.870000
360.375000 0.000000 0.000000 7.945000
360.375000 0.000000 0.000000 8.075000
360.625000 0.000000 0.000000 8.145000
360.750000 0.000000 0.000000 8.276000
361.000000 0.000000 0.000000 8.346000
361.125000 0.000000 0.000000 8.448000
361.250000 0.000000 0.000000 8.545000
361.375000 0.000000 0.000000 8.675000
361.500000 0.000000 0.000000 8.745000
361.625000 0.000000 0.000000 8.845000
361.625000 0.000000 0.000000 8.945000
361.750000 0.000000 0.000000 9.060000
362.000000 0.000000 0.000000 9.160000
362.125000 0.000000 0.000000 9.245000
362.125000 0.000000 0.000000 9.345000
362.500000 0.000000 0.000000 9.445000
362.500000 0.000000 0.000000 9.545000
462.625000 0.000000 0.405000 9.645000
521.125000 0.000000 0.405000 9.775000
550.375000 0.003500 0.405000 9.845000
567.625000 0.003500 0.405000 9.960000
574.625000 0.012245 0.405000 10.045000
594.625000 0.012245 0.405000 10.145000
601.125000 0.022703 0.405000 10.249000
613.125000 0.022703 0.405000 10.370000
620.125000 0.022703 0.405000 10.445000
628.250000 0.022703 0.276000 10.545000
648.250000 0.116107 0.276000 10.645000
669.750000 0.116107 0.276000 10.745000
702.000000 0.316263 0.276000 10.870000
738.500000 0.520545 0.276000 10.965000
770.625000 0.520545 0.276000 11.040000
819.875000 0.930419 0.276000 11.175000
854.625000 0.930419 0.276000 11.246000
893.500000 1.131644 0.276000 11.345000
932.875000 1.334866 0.276000 11.445000
970.250000 1.544266 0.271000 11.545000
1008.375000 1.946267 0.271000 11.676000
1043.125000 1.946267 0.271000 11.760000
1072.625000 2.147488 0.271000 11.845000
1100.500000 2.348521 0.271000 11.945000
1134.750000 2.751086 0.271000 12.065000
1162.375000 2.751086 0.271000 12.145000
1194.875000 2.952070 0.271000 12.246000
1223.625000 3.153324 0.271000 12.345000
1255.750000 3.394743 0.271000 12.445000
1288.250000 3.596084 0.359000 12.575000
1315.875000 3.827190 0.359000 12.665000
1342.750000 4.058777 0.359000 12.770000
1365.875000 4.264022 0.359000 12.840000
1392.250000 4.466247 0.359000 12.966000
1412.500000 4.466247 0.359000 13.071000
1429.000000 4.667594 0.359000 13.151000
1444.625000 4.667594 0.359000 13.251000
1455.125000 4.881196 0.359000 13.345000
1463.375000 4.881196 0.359000 13.445000
1467.875000 4.881196 0.281000 13.545000
1492.625000 4.881196 0.281000 13.645000
1511.875000 4.982323 0.281000 13.775000
1519.625000 4.982323 0.281000 13.871000
1532.500000 4.982323 0.281000 13.970000
1536.500000 4.982323 0.281000 14.045000
1544.250000 4.982323 0.281000 14.146000
1545.750000 4.982323 0.281000 14.245000
1547.000000 4.982323 0.281000 14.345000
1550.375000 4.982323 0.281000 14.445000
1551.000000 4.982323 0.253000 14.551000
1551.750000 4.982323 0.253000 14.651000
1554.500000 4.982323 0.253000 14.781000
1559.125000 4.982323 0.253000 14.845000
1564.500000 4.987947 0.253000 14.945000
1566.250000 4.987947 0.253000 15.045000
1568.000000 4.987947 0.253000 15.145000
1569.625000 4.988571 0.253000 15.280000
1571.500000 4.988571 0.253000 15.375000
1573.000000 4.988571 0.253000 15.445000
1575.500000 5.085411 0.212000 15.545000
1579.750000 5.085411 0.212000 15.665000
1582.875000 5.085411 0.212000 15.765000
1586.625000 5.288357 0.212000 15.870000
1590.375000 5.288357 0.212000 15.945000
1593.875000 5.505060 0.212000 16.045000
1599.375000 5.710471 0.212000 16.145000
1604.750000 5.922824 0.212000 16.245001
1611.250000 6.124076 0.212000 16.375000
1615.125000 6.325308 0.212000 16.445000
1625.125000 6.532204 0.211000 16.545000
1630.375000 6.733777 0.211000 16.665001
1635.125000 6.935009 0.211000 16.740000
1639.500000 7.136239 0.211000 16.844999
1643.125000 7.337248 0.211000 16.945000
1647.750000 7.538498 0.211000 17.070000
1651.500000 7.739623 0.211000 17.150000
1655.250000 7.940999 0.211000 17.245001
1660.500000 8.144378 0.211000 17.348000
1668.250000 8.353354 0.211000 17.476000
1681.250000 8.558756 0.230000 17.549999
1689.750000 8.762003 0.230000 17.650000
1698.750000 8.973282 0.230000 17.775000
1708.625000 8.973282 0.230000 17.844999
1719.625000 9.180534 0.230000 17.945000
1734.375000 9.593537 0.230000 18.073000
1747.875000 9.794773 0.230000 18.177999
1763.375000 9.794773 0.230000 18.253000
1779.000000 10.201275 0.230000 18.365000
1793.875000 10.201275 0.230000 18.445000
1819.625000 10.611878 0.308000 18.575001
1835.500000 10.611878 0.308000 18.670000
1852.125000 10.816037 0.308000 18.745001
1865.500000 11.018950 0.308000 18.844999
1879.625000 11.018950 0.308000 18.965000
1896.375000 11.229175 0.308000 19.046000
1907.750000 11.229175 0.308000 19.150999
1917.375000 11.431680 0.308000 19.245001
1928.500000 11.431680 0.308000 19.344999
1940.875000 11.634217 0.308000 19.445000
1954.875000 11.836147 0.334000 19.575001
1966.125000 12.051387 0.334000 19.646000
1982.250000 12.252636 0.334000 19.764999
1997.500000 12.464008 0.334000 19.865000
2007.125000 12.705506 0.334000 19.945000
2025.000000 12.906739 0.334000 20.070000
2039.625000 13.107969 0.334000 20.170000
2055.625000 13.309199 0.334000 20.270000
2065.000000 13.510521 0.334000 20.344999
2078.250000 13.711722 0.334000 20.465000
2087.625000 13.912925 0.321000 20.545000
2105.000000 14.113560 0.321000 20.665001
2117.000000 14.316803 0.321000 20.745001
2128.500000 14.526154 0.321000 20.844999
2143.125000 14.733279 0.321000 20.952999
2157.000000 14.934529 0.321000 21.083000
2166.375000 15.135653 0.321000 21.153000
2178.375000 15.336904 0.321000 21.243000
2189.750000 15.538154 0.321000 21.353001
2202.625000 15.739404 0.321000 21.452999
2215.625000 15.940528 0.306000 21.552999
2233.625000 16.148201 0.306000 21.653000
2246.125000 16.148201 0.306000 21.743000
2259.500000 16.354452 0.306000 21.872999
2270.375000 16.559330 0.306000 21.978001
2281.125000 16.559330 0.306000 22.052999
2293.250000 16.760426 0.306000 22.173000
2302.375000 16.971792 0.306000 22.253000
2311.625000 17.175144 0.306000 22.353001
2323.500000 17.175144 0.306000 22.452999
2344.875000 17.589098 0.323000 22.575001
2355.875000 17.589098 0.323000 22.645000
2368.750000 17.819891 0.323000 22.766001
2376.875000 18.021172 0.323000 22.846001
2390.000000 18.232449 0.323000 22.965000
2399.500000 18.463793 0.323000 23.045000
2413.125000 18.666775 0.323000 23.150999
2423.750000 18.868006 0.323000 23.250999
2435.250000 19.087229 0.323000 23.344999
2445.875000 19.308453 0.323000 23.445999
2454.875000 19.509708 0.327000 23.545000
2466.125000 19.710220 0.327000 23.645000
2479.875000 19.894400 0.327000 23.745001
2491.375000 19.894400 0.327000 23.844999
2500.625000 20.044155 0.327000 23.945000
2509.625000 20.172089 0.327000 24.046000
2515.875000 20.276976 0.327000 24.145000
2519.625000 20.276976 0.327000 24.235001
2523.125000 20.276976 0.327000 24.347000
2527.500000 20.361935 0.327000 24.481001
2530.875000 20.361935 0.325000 24.545000
2538.625000 20.361935 0.325000 24.645000
2541.750000 20.361935 0.325000 24.764999
2543.125000 20.519993 0.325000 24.870001
2545.375000 20.519993 0.325000 24.969999
2548.875000 20.519993 0.325000 25.045000
2554.000000 20.519993 0.325000 25.145000
2559.250000 20.723238 0.325000 25.245001
2563.875000 20.723238 0.325000 25.344999
2570.000000 20.925640 0.325000 25.445999
2579.125000 21.129292 0.317000 25.545000
2586.750000 21.129292 0.317000 25.645000
2594.000000 21.338610 0.317000 25.745001
2603.875000 21.541811 0.317000 25.875000
2611.000000 21.751188 0.317000 25.945000
2622.250000 21.952457 0.317000 26.075001
2630.375000 22.165840 0.317000 26.145000
2640.125000 22.375189 0.317000 26.245001
2650.375000 22.576462 0.317000 26.344999
2663.250000 22.797834 0.317000 26.475000
2674.500000 23.001253 0.309000 26.570000
2690.375000 23.204382 0.309000 26.645000
2706.625000 23.204382 0.309000 26.735001
2715.875000 23.552862 0.309000 26.865000
2725.500000 23.552862 0.309000 26.969999
2732.875000 23.680359 0.309000 27.045000
2740.250000 23.771112 0.309000 27.145000
2745.000000 23.834301 0.309000 27.264999
2747.750000 23.834301 0.309000 27.340000
2751.500000 23.876802 0.309000 27.445000
2754.125000 23.876802 0.338000 27.547001
2765.375000 23.876802 0.338000 27.645000
2773.000000 23.876802 0.338000 27.745001
2779.250000 23.888929 0.338000 27.844999
2780.000000 23.888929 0.338000 27.965000
2783.125000 23.888929 0.338000 28.040001
2784.625000 23.888929 0.338000 28.153999
2785.750000 23.890678 0.338000 28.274000
2786.250000 23.890678 0.338000 28.379000
2787.250000 23.911409 0.338000 28.454000
2788.375000 23.911409 0.294000 28.554001
2790.375000 23.911409 0.294000 28.674000
2793.625000 24.114769 0.294000 28.778999
2799.500000 24.114769 0.294000 28.854000
2806.750000 24.315752 0.294000 28.954000
2815.000000 24.315752 0.294000 29.054001
2826.750000 24.522003 0.294000 29.153999
2838.750000 24.930882 0.294000 29.284000
2845.875000 24.930882 0.294000 29.354000
2856.000000 25.176559 0.294000 29.451000
2874.875000 25.377686 0.297000 29.565001
2884.750000 25.613974 0.297000 29.645000
2896.250000 25.833065 0.297000 29.764999
2904.875000 26.034235 0.297000 29.844999
2917.000000 26.235476 0.297000 29.945000
2929.875000 26.436718 0.297000 30.065001
2938.625000 26.637959 0.297000 30.139999
2950.625000 26.839226 0.297000 30.270000
2960.125000 27.040592 0.297000 30.344999
2973.250000 27.241835 0.297000 30.445000
2984.625000 27.443232 0.297000 30.545000
3000.750000 27.646576 0.364000 30.645000
3013.375000 27.853170 0.364000 30.745001
3024.375000 28.054419 0.364000 30.844999
3036.375000 28.265892 0.364000 30.976999
3045.875000 28.469017 0.364000 31.046000
3056.625000 28.469017 0.364000 31.145000
3069.125000 28.678467 0.364000 31.245001
3081.375000 29.080990 0.364000 31.365000
3093.250000 29.282114 0.364000 31.475000
3109.750000 29.282114 0.328000 31.545000
3124.375000 29.683546 0.328000 31.674999
3134.125000 29.683546 0.328000 31.764999
3147.375000 29.908373 0.328000 31.844999
3155.000000 29.908373 0.328000 31.945000
3161.875000 30.111483 0.328000 32.044998
3169.000000 30.317823 0.328000 32.145000
3176.750000 30.518770 0.328000 32.270000
3184.750000 30.518770 0.328000 32.345001
3197.250000 30.753145 0.328000 32.478001
3205.625000 31.004818 0.328000 32.544998
3222.625000 31.232334 0.389000 32.645000
3232.750000 31.433344 0.389000 32.744999
3242.625000 31.634546 0.389000 32.845001
3254.500000 31.835653 0.389000 32.945000
3265.625000 32.036507 0.389000 33.044998
3276.750000 32.237732 0.389000 33.174999
3286.250000 32.439106 0.389000 33.264999
3294.000000 32.640404 0.389000 33.345001
3304.250000 32.841515 0.389000 33.445000
3314.500000 33.042755 0.342000 33.544998
3325.750000 33.243969 0.342000 33.680000
3335.750000 33.445206 0.342000 33.770000
3347.375000 33.646591 0.342000 33.845001
3361.750000 33.847946 0.342000 33.970001
3372.250000 34.059063 0.342000 34.070000
3383.000000 34.260311 0.342000 34.169998
3390.750000 34.461567 0.342000 34.244999
3398.875000 34.662823 0.342000 34.345001
3409.750000 34.864201 0.342000 34.446999
3422.125000 35.065556 0.342000 34.544998
3440.625000 35.270691 0.386000 34.645000
3450.875000 35.474190 0.386000 34.744999
3461.500000 35.675438 0.386000 34.845001
3470.625000 35.876686 0.386000 34.974998
3479.750000 36.077934 0.386000 35.069000
3486.625000 36.279182 0.386000 35.145000
3497.750000 36.480431 0.386000 35.244999
3507.125000 36.681839 0.386000 35.345001
3520.125000 36.905212 0.386000 35.474998
3529.375000 36.905212 0.386000 35.544998
3539.750000 37.323212 0.362000 35.674999
3553.000000 37.323212 0.362000 35.764999
3566.250000 37.529438 0.362000 35.869999
3576.000000 37.730515 0.362000 35.945000
3585.375000 37.931709 0.362000 36.044998
3600.000000 38.155239 0.362000 36.165001
3608.375000 38.394753 0.362000 36.244999
3618.250000 38.626060 0.362000 36.345001
3630.750000 38.827198 0.362000 36.480000
3638.375000 39.036808 0.362000 36.549000
3661.500000 39.242863 0.393000 36.650002
3671.500000 39.451576 0.393000 36.743999
3682.875000 39.652950 0.393000 36.844002
3700.375000 39.854099 0.393000 36.944000
3711.250000 40.055626 0.393000 37.043999
3720.500000 40.260956 0.393000 37.146000
3731.875000 40.260956 0.393000 37.243999
3741.375000 40.468353 0.393000 37.344002
3751.625000 40.669453 0.393000 37.445999
3762.625000 40.871155 0.393000 37.544998
3779.750000 41.072533 0.390000 37.644001
3789.625000 41.274700 0.390000 37.743999
3798.375000 41.476940 0.390000 37.844002
3809.000000 41.678421 0.390000 37.944000
3819.750000 41.879871 0.390000 38.043999
3830.875000 42.081173 0.390000 38.144001
3840.625000 42.282303 0.390000 38.243999
3850.625000 42.483433 0.390000 38.344002
3860.500000 42.684433 0.390000 38.444000
3872.000000 42.885429 0.390000 38.543999
3896.625000 43.086433 0.352000 38.644001
3906.875000 43.287014 0.352000 38.743999
3914.250000 43.491188 0.352000 38.844002
3924.250000 43.732689 0.352000 38.944000
3932.000000 43.933819 0.352000 39.043999
3938.500000 44.135250 0.352000 39.144001
3947.750000 44.336510 0.352000 39.243999
3955.125000 44.537514 0.352000 39.344002
3962.500000 44.738789 0.352000 39.444000
3971.000000 44.939915 0.352000 39.543999
3982.125000 45.140690 0.356000 39.648998
3992.000000 45.349209 0.356000 39.743999
4000.000000 45.549549 0.356000 39.844002
4007.750000 45.751026 0.356000 39.944000
4015.125000 45.952282 0.356000 40.043999
4023.625000 46.153667 0.356000 40.144001
4031.375000 46.355049 0.356000 40.243999
4039.375000 46.558186 0.356000 40.344002
4047.625000 46.767715 0.356000 40.444000
4054.750000 47.009480 0.338000 40.543999
4062.625000 47.210289 0.338000 40.644001
4071.000000 47.411491 0.338000 40.743999
4081.875000 47.612598 0.338000 40.844002
4090.250000 47.813850 0.338000 40.944000
4097.375000 48.015095 0.338000 41.043999
4104.500000 48.216297 0.338000 41.144001
4112.750000 48.417549 0.338000 41.243999
4117.625000 48.618656 0.338000 41.346001
4125.000000 48.819859 0.338000 41.444000
4129.750000 49.021374 0.338000 41.543999
4139.500000 49.228291 0.330000 41.644001
4145.375000 49.430019 0.330000 41.743999
4153.500000 49.631023 0.330000 41.844002
4160.125000 49.832253 0.330000 41.945000
4166.125000 50.033337 0.330000 42.043999
4171.750000 50.234669 0.330000 42.144001
4178.375000 50.435871 0.330000 42.243999
4184.750000 50.636898 0.330000 42.344002
4193.000000 50.838188 0.330000 42.444000
4198.875000 51.043430 0.349000 42.549999
4203.625000 51.250854 0.349000 42.644001
4209.000000 51.454224 0.349000 42.750000
4213.750000 51.663727 0.349000 42.844002
4219.625000 51.865116 0.349000 42.944000
4224.375000 52.074600 0.349000 43.048000
4230.500000 52.074600 0.349000 43.144001
4236.875000 52.283398 0.349000 43.243999
4244.375000 52.486595 0.349000 43.345001
4253.125000 52.689831 0.349000 43.444000
4268.000000 52.890881 0.293000 43.543999
4276.000000 53.091362 0.293000 43.644001
4286.750000 53.291874 0.293000 43.743999
4298.750000 53.500973 0.293000 43.844002
4313.125000 53.704247 0.293000 43.944000
4326.250000 53.905621 0.293000 44.044998
4340.250000 54.106995 0.293000 44.144001
4358.375000 54.308491 0.293000 44.243999
4373.000000 54.509731 0.293000 44.344002
4391.375000 54.711109 0.293000 44.444000
4412.625000 54.914356 0.293000 44.544998
4442.875000 55.115612 0.329000 44.645000
4466.250000 55.348072 0.329000 44.744999
4495.250000 55.565498 0.329000 44.845001
4523.375000 55.766872 0.329000 44.970001
4537.125000 56.000523 0.329000 45.044998
4553.000000 56.209663 0.329000 45.145000
4570.125000 56.431034 0.329000 45.244999
4585.750000 56.632324 0.329000 45.345001
4604.125000 56.839638 0.329000 45.445000
4622.250000 57.045078 0.329000 45.544998
4636.625000 57.246216 0.417000 45.645000
4651.000000 57.447063 0.417000 45.744999
4664.500000 57.648209 0.417000 45.845001
4678.625000 57.849281 0.417000 45.945000
4690.750000 58.050484 0.417000 46.044998
4701.875000 58.259830 0.417000 46.145000
4712.125000 58.463234 0.417000 46.244999
4723.625000 58.664387 0.417000 46.345001
4736.750000 58.865604 0.417000 46.445000
4747.000000 59.066967 0.417000 46.544998
4757.250000 59.268333 0.415000 46.645000
4771.875000 59.469059 0.415000 46.744999
4780.750000 59.670143 0.415000 46.845001
4789.500000 59.871372 0.415000 46.945000
4799.625000 60.072731 0.415000 47.044998
4808.625000 60.273960 0.415000 47.145000
4818.500000 60.475323 0.415000 47.244999
4829.375000 60.676521 0.415000 47.345001
4841.500000 60.877777 0.415000 47.445000
4851.125000 61.078861 0.415000 47.544998
4868.250000 61.279499 0.415000 47.645000
4878.250000 61.488403 0.415000 47.744999
4888.375000 61.689899 0.415000 47.845001
4898.500000 61.894955 0.415000 47.952000
4907.625000 62.096191 0.415000 48.051998
4918.875000 62.297443 0.415000 48.147999
4930.125000 62.504669 0.415000 48.244999
4941.625000 62.705944 0.415000 48.345001
4953.250000 62.907276 0.415000 48.445000
4963.875000 62.907276 0.415000 48.535000
4973.750000 63.110550 0.390000 48.645000
4982.500000 63.319389 0.390000 48.744999
4991.125000 63.520618 0.390000 48.845001
5003.250000 63.926872 0.390000 48.970001
5012.625000 63.926872 0.390000 49.044998
5023.000000 64.134224 0.390000 49.145000
5034.000000 64.335472 0.390000 49.244999
5047.500000 64.536690 0.390000 49.346001
5057.875000 64.737984 0.390000 49.445000
5066.875000 64.939133 0.390000 49.546001
5087.750000 65.140388 0.381000 49.645000
5097.125000 65.341133 0.381000 49.744999
5108.000000 65.542358 0.381000 49.845001
5118.625000 65.743721 0.381000 49.945000
5129.375000 65.944931 0.381000 50.044998
5140.000000 66.146156 0.381000 50.145000
5151.750000 66.347389 0.381000 50.244999
5160.375000 66.548630 0.381000 50.345001
5169.875000 66.749863 0.381000 50.445000
5178.125000 66.951378 0.381000 50.544998
5190.125000 67.152687 0.380000 50.645000
5198.875000 67.353416 0.380000 50.744999
5208.500000 67.554733 0.380000 50.845001
5218.125000 67.755959 0.380000 50.935001
5227.375000 67.957214 0.380000 51.044998
5235.000000 68.162468 0.380000 51.145000
5243.750000 68.369728 0.380000 51.244999
5252.000000 68.576981 0.380000 51.345001
5259.375000 68.782280 0.380000 51.445000
5267.125000 68.983406 0.380000 51.544998
5283.625000 69.184532 0.379000 51.645000
5292.875000 69.385246 0.379000 51.744999
5300.375000 69.586494 0.379000 51.845001
5307.375000 69.787750 0.379000 51.945000
5313.625000 69.989059 0.379000 52.044998
5321.500000 70.190453 0.379000 52.134998
5328.750000 70.391724 0.379000 52.248001
5336.125000 70.592964 0.379000 52.345001
5343.000000 70.794205 0.379000 52.452000
5350.375000 70.998940 0.379000 52.544998
5361.750000 71.246384 0.388000 52.645000
5368.500000 71.448616 0.388000 52.744999
5374.875000 71.638908 0.388000 52.845001
5381.625000 71.796135 0.388000 52.945999
5387.500000 71.920395 0.388000 53.044998
5391.000000 71.920395 0.388000 53.145000
5393.500000 72.010750 0.388000 53.250000
5396.500000 72.070694 0.388000 53.345001
5397.750000 72.096436 0.388000 53.445000
5399.500000 72.097313 0.388000 53.544998
5401.250000 72.097313 0.389000 53.645000
5402.500000 72.097313 0.389000 53.744999
5403.500000 72.097313 0.389000 53.845001
5405.000000 72.097313 0.389000 53.945000
5405.250000 72.097313 0.389000 54.044998
5405.750000 72.097313 0.389000 54.146000
5406.125000 72.097313 0.389000 54.244999
5407.000000 72.097313 0.389000 54.345001
5408.250000 72.097313 0.389000 54.445000
5409.500000 72.097443 0.389000 54.544998
5409.750000 72.097443 0.329000 54.650002
5410.500000 72.128975 0.329000 54.744999
5411.375000 72.128975 0.329000 54.846001
5411.625000 72.128975 0.329000 54.945000
5412.625000 72.330635 0.329000 55.035000
5414.000000 72.330635 0.329000 55.145000
5415.000000 72.545990 0.329000 55.244999
5416.875000 72.755615 0.329000 55.345001
5419.000000 72.955719 0.329000 55.445000
5421.250000 73.157089 0.329000 55.564999
5426.000000 73.363022 0.330000 55.645000
5429.875000 73.567505 0.330000 55.744999
5433.000000 73.776703 0.330000 55.845001
5435.125000 73.978020 0.330000 55.945000
5436.875000 74.179123 0.330000 56.044998
5439.625000 74.380348 0.330000 56.145000
5441.000000 74.581589 0.330000 56.244999
5442.750000 74.782730 0.330000 56.345001
5445.750000 74.984138 0.330000 56.445000
5449.875000 75.185364 0.330000 56.544998
5457.000000 75.185364 0.365000 56.645000
5463.125000 75.394691 0.365000 56.744999
5467.125000 75.597794 0.365000 56.845001
5472.000000 75.781044 0.365000 56.945000
5475.875000 75.915237 0.365000 57.044998
5479.875000 76.020088 0.365000 57.145000
5483.500000 76.086777 0.365000 57.244999
5488.625000 76.086777 0.365000 57.345001
5491.375000 76.120560 0.365000 57.445000
5492.750000 76.125061 0.365000 57.544998
5494.000000 76.125061 0.397000 57.645000
5496.625000 76.125061 0.397000 57.764999
5497.875000 76.125061 0.397000 57.846001
5499.250000 76.125061 0.397000 57.945000
5499.625000 76.125061 0.397000 58.044998
5500.625000 76.125313 0.397000 58.145000
5501.625000 76.125313 0.397000 58.244999
5502.375000 76.127937 0.397000 58.345001
5503.375000 76.127937 0.397000 58.435001
5503.375000 76.127937 0.397000 58.544998
5503.875000 76.142014 0.342000 58.645000
5504.125000 76.142014 0.342000 58.744999
5504.250000 76.189590 0.342000 58.845001
5504.750000 76.189590 0.342000 58.945000
5506.125000 76.189590 0.342000 59.044998
5507.375000 76.391525 0.342000 59.145000
5508.375000 76.391525 0.342000 59.244999
5508.875000 76.594025 0.342000 59.345001
5509.500000 76.795372 0.342000 59.452000
5509.875000 77.026863 0.342000 59.544998
5512.250000 77.232872 0.366000 59.634998
5512.875000 77.441307 0.366000 59.744999
5514.250000 77.642441 0.366000 59.845001
5515.500000 77.843712 0.366000 59.945000
5515.750000 78.044983 0.366000 60.044998
5516.750000 78.276405 0.366000 60.145000
5518.250000 78.477684 0.366000 60.244999
5520.125000 78.678978 0.366000 60.345001
5521.375000 78.880249 0.366000 60.435001
5523.500000 79.093925 0.366000 60.550999
5527.375000 79.308418 0.375000 60.645000
5530.500000 79.308418 0.375000 60.735001
5532.500000 79.712791 0.375000 60.845001
5535.125000 79.914070 0.375000 60.945000
5538.250000 80.115471 0.375000 61.044998
5541.625000 80.316742 0.375000 61.145000
5544.000000 80.316742 0.375000 61.235001
5547.875000 80.719284 0.375000 61.345001
5551.500000 80.920578 0.375000 61.445000
5554.750000 81.121979 0.375000 61.544998
5563.000000 81.322517 0.368000 61.640999
5569.375000 81.525940 0.368000 61.750999
5573.500000 81.727188 0.368000 61.851002
5577.375000 81.928566 0.368000 61.951000
5581.000000 81.928566 0.368000 62.044998
5585.125000 82.138016 0.368000 62.134998
5589.375000 82.339264 0.368000 62.245998
5594.375000 82.542534 0.368000 62.345001
5599.375000 82.753754 0.368000 62.445000
5604.375000 82.963127 0.368000 62.546001
5612.125000 83.164421 0.355000 62.634998
5617.750000 83.365417 0.355000 62.744999
5621.750000 83.573006 0.355000 62.845001
5627.125000 83.781990 0.355000 62.959000
5632.750000 84.184830 0.355000 63.078999
5637.000000 84.184830 0.355000 63.144001
5640.500000 84.386086 0.355000 63.254002
5644.125000 84.587334 0.355000 63.354000
5649.250000 84.788567 0.355000 63.453999
5653.750000 84.989929 0.355000 63.550999
5661.000000 85.211823 0.322000 63.645000
5666.625000 85.416481 0.322000 63.748001
5671.625000 85.601433 0.322000 63.845001
5675.750000 85.737328 0.322000 63.946999
5678.250000 85.737328 0.322000 64.044998
5680.750000 85.840675 0.322000 64.144997
5683.500000 85.909615 0.322000 64.245003
5685.875000 85.948837 0.322000 64.345001
5687.625000 85.952583 0.322000 64.445000
5689.875000 85.952583 0.322000 64.544998
5692.375000 85.952583 0.342000 64.641998
5693.500000 85.952583 0.342000 64.751999
5693.875000 85.952583 0.342000 64.845001
5694.750000 85.952583 0.342000 64.945000
5695.125000 85.952583 0.342000 65.050003
5695.750000 85.952583 0.342000 65.139999
5696.375000 85.953606 0.342000 65.245003
5697.000000 85.953606 0.342000 65.345001
5697.875000 85.953606 0.342000 65.445000
5698.250000 85.989952 0.342000 65.535004
5698.500000 85.989952 0.304000 65.644997
5698.625000 86.023483 0.304000 65.745003
5699.375000 86.023483 0.304000 65.845001
5700.375000 86.023483 0.304000 65.945000
5700.750000 86.238533 0.304000 66.052002
5701.250000 86.238533 0.304000 66.152000
5702.125000 86.441658 0.304000 66.251999
5702.750000 86.658531 0.304000 66.351997
5703.125000 86.868256 0.304000 66.452003
5704.375000 87.069496 0.304000 66.552002
5706.000000 87.270233 0.279000 66.644997
5707.500000 87.270233 0.279000 66.745003
5708.000000 87.474609 0.279000 66.845001
5708.375000 87.677879 0.279000 66.945000
5709.125000 87.889000 0.279000 67.051003
5709.500000 88.090240 0.279000 67.151001
5710.875000 88.291481 0.279000 67.247002
5711.250000 88.502441 0.279000 67.346001
5711.750000 88.711479 0.279000 67.445000
5712.625000 88.916466 0.279000 67.544998
5714.000000 89.123863 0.322000 67.644997
5715.500000 89.352425 0.322000 67.747002
5716.625000 89.558823 0.322000 67.852997
5717.500000 89.760063 0.322000 67.943001
5718.000000 90.019554 0.322000 68.052002
5719.375000 90.240921 0.322000 68.152000
5720.000000 90.442162 0.322000 68.251999
5720.875000 90.643402 0.322000 68.342003
5722.375000 90.844772 0.322000 68.452003
5724.125000 91.046013 0.322000 68.552002
5725.875000 91.252937 0.336000 68.652000
5727.375000 91.454559 0.336000 68.751999
5728.625000 91.655807 0.336000 68.851997
5730.625000 91.857025 0.336000 68.952003
5731.375000 92.058281 0.336000 69.052002
5732.000000 92.259537 0.336000 69.152000
5733.000000 92.460793 0.336000 69.251999
5733.125000 92.668221 0.336000 69.345001
5734.000000 92.869576 0.336000 69.445000
5735.250000 93.072922 0.336000 69.545998
5738.750000 93.072922 0.369000 69.644997
5740.125000 93.285828 0.369000 69.745003
5741.375000 93.490990 0.369000 69.845001
5741.875000 93.694237 0.369000 69.945000
5742.250000 93.694237 0.369000 70.044998
5742.375000 93.910698 0.369000 70.144997
5743.375000 93.910698 0.369000 70.235001
5744.250000 94.113457 0.369000 70.345001
5744.750000 94.113457 0.369000 70.445000
5745.500000 94.319221 0.369000 70.541000
5747.125000 94.525505 0.356000 70.641998
5748.250000 94.726952 0.356000 70.745003
5748.750000 94.726952 0.356000 70.834999
5749.875000 95.134392 0.356000 70.945000
5750.875000 95.335594 0.356000 71.044998
5752.250000 95.335594 0.356000 71.135002
5753.625000 95.738152 0.356000 71.250000
5755.125000 95.939354 0.356000 71.345001
5755.875000 96.140587 0.356000 71.445999
5756.875000 96.341492 0.356000 71.544998
5758.625000 96.542595 0.385000 71.644997
5759.625000 96.743347 0.385000 71.739998
5761.875000 96.944572 0.385000 71.845001
5763.875000 97.145805 0.385000 71.945000
5765.375000 97.347054 0.385000 72.044998
5766.125000 97.548119 0.385000 72.144997
5768.125000 97.749245 0.385000 72.246002
5768.875000 97.950302 0.385000 72.345001
5771.625000 98.151154 0.385000 72.449997
5772.500000 98.151154 0.385000 72.544998
5776.875000 98.359024 0.441000 72.644997
5781.375000 98.565186 0.441000 72.745003
5782.000000 98.769035 0.441000 72.845001
5791.250000 98.943542 0.441000 72.940002
5798.000000 99.111229 0.441000 73.044998
5802.625000 99.212471 0.441000 73.144997
5803.625000 99.212471 0.441000 73.250000
5805.625000 99.282608 0.441000 73.345001
5807.000000 99.317810 0.441000 73.440002
5808.500000 99.323112 0.441000 73.544998
5811.875000 99.323112 0.381000 73.644997
5814.000000 99.323112 0.381000 73.750999
5815.625000 99.323112 0.381000 73.848000
5816.125000 99.323112 0.381000 73.952003
5816.500000 99.323112 0.381000 74.052002
5817.250000 99.324493 0.381000 74.147003
5817.250000 99.324493 0.381000 74.251999
5817.375000 99.324493 0.381000 74.351997
5817.750000 99.346695 0.381000 74.457001
5817.750000 99.346695 0.381000 74.552002
5820.750000 99.346695 0.368000 74.644997
5821.000000 99.346695 0.368000 74.745003
5821.375000 99.346695 0.368000 74.835999
5822.125000 99.568001 0.368000 74.952003
5822.250000 99.568001 0.368000 75.044998
5822.875000 99.772293 0.368000 75.135002
5823.750000 99.977150 0.368000 75.250000
5824.625000 100.181686 0.368000 75.343002
5824.875000 100.386063 0.368000 75.445000
5825.125000 100.589088 0.368000 75.545998
5828.125000 100.589088 0.347000 75.644997
5828.500000 100.807777 0.347000 75.745003
5830.625000 101.014603 0.347000 75.849998
5831.875000 101.217819 0.347000 75.945000
5833.000000 101.427246 0.347000 76.045998
5834.000000 101.628693 0.347000 76.135002
5835.125000 101.829887 0.347000 76.252998
5836.250000 102.033165 0.347000 76.349998
5837.375000 102.242523 0.347000 76.445000
5840.250000 102.443558 0.347000 76.544998
5848.500000 102.644936 0.434000 76.644997
5851.875000 102.854752 0.434000 76.748001
5856.250000 103.055840 0.434000 76.855003
5860.500000 103.257240 0.434000 76.949997
5864.000000 103.458488 0.434000 77.040001
5869.375000 103.659569 0.434000 77.150002
5874.500000 103.860649 0.434000 77.258003
5879.375000 104.067970 0.434000 77.348000
5884.375000 104.269218 0.434000 77.455002
5890.125000 104.504539 0.434000 77.550003
5899.250000 104.705650 0.406000 77.650002
5909.500000 104.910912 0.406000 77.750000
5917.875000 105.105392 0.406000 77.849998
5923.750000 105.266953 0.406000 77.945000
5930.125000 105.395691 0.406000 78.052002
5933.625000 105.395691 0.406000 78.150002
5938.000000 105.492661 0.406000 78.250000
5941.875000 105.553741 0.406000 78.349998
5944.125000 105.583702 0.406000 78.449997
5946.000000 105.585701 0.406000 78.550003
5947.750000 105.585701 0.432000 78.639999
5948.875000 105.585701 0.432000 78.754997
5949.375000 105.585701 0.432000 78.855003
5950.125000 105.585701 0.432000 78.949997
5951.000000 105.585701 0.432000 79.050003
5952.250000 105.585701 0.432000 79.150002
5953.375000 105.585701 0.432000 79.239998
5954.250000 105.585701 0.432000 79.355003
5955.750000 105.661385 0.432000 79.455002
5956.375000 105.661385 0.432000 79.550003
5959.375000 105.661385 0.428000 79.650002
5963.500000 105.864174 0.428000 79.754997
5968.750000 105.864174 0.428000 79.849998
5974.250000 106.086807 0.428000 79.949997
5977.625000 106.289131 0.428000 80.050003
5981.750000 106.491158 0.428000 80.150002
5986.625000 106.700409 0.428000 80.250000
5989.750000 106.901657 0.428000 80.349998
5995.375000 107.102905 0.428000 80.449997
5998.750000 107.304260 0.428000 80.550003
6001.250000 107.504845 0.372000 80.650002
6003.750000 107.711746 0.372000 80.750999
6005.375000 107.913025 0.372000 80.849998
6007.875000 108.114342 0.372000 80.949997
6010.125000 108.315735 0.372000 81.050003
6011.500000 108.519371 0.372000 81.146004
6014.000000 108.720596 0.372000 81.255997
6015.375000 108.931892 0.372000 81.349998
6017.000000 109.140907 0.372000 81.449997
6019.125000 109.342186 0.372000 81.550003
6023.125000 109.342186 0.392000 81.650002
6024.000000 109.551041 0.392000 81.739998
6024.625000 109.753967 0.392000 81.849998
6025.250000 109.963257 0.392000 81.940002
6026.250000 110.164597 0.392000 82.050003
6027.625000 110.379929 0.392000 82.139999
6028.375000 110.585220 0.392000 82.250999
6029.250000 110.786484 0.392000 82.349998
6029.500000 110.987724 0.392000 82.449997
6029.750000 111.188988 0.392000 82.550003
6032.875000 111.390205 0.414000 82.651001
6033.250000 111.591873 0.414000 82.750000
6034.250000 111.799767 0.414000 82.851997
6035.250000 112.005219 0.414000 82.949997
6036.625000 112.242653 0.414000 83.055000
6037.250000 112.443871 0.414000 83.150002
6037.875000 112.645088 0.414000 83.250000
6038.625000 112.846321 0.414000 83.339996
6039.375000 113.047592 0.414000 83.449997
6040.375000 113.248909 0.414000 83.550003
6043.625000 113.449974 0.400000 83.650002
6045.625000 113.659698 0.400000 83.750000
6047.625000 113.860947 0.400000 83.849998
6048.875000 114.062126 0.400000 83.955002
6050.750000 114.273758 0.400000 84.050003
6053.375000 114.475082 0.400000 84.154999
6055.250000 114.676414 0.400000 84.239998
6057.375000 114.877739 0.400000 84.355003
6058.875000 115.081161 0.400000 84.449997
6062.625000 115.313950 0.400000 84.550003
6065.875000 115.514809 0.413000 84.650002
6071.875000 115.514809 0.413000 84.750000
6078.625000 115.709404 0.413000 84.849998
6083.375000 115.826447 0.413000 84.949997
6085.625000 115.913750 0.413000 85.050003
6089.125000 115.963409 0.413000 85.150002
6091.750000 115.963409 0.413000 85.250000
6094.875000 115.979897 0.413000 85.351997
6095.375000 115.979897 0.413000 85.455002
6095.625000 115.979897 0.413000 85.555000
6096.000000 115.979897 0.413000 85.655998
6098.750000 115.982666 0.497000 85.750000
6098.875000 115.982666 0.497000 85.849998
6099.375000 115.982666 0.497000 85.949997
6100.125000 115.983391 0.497000 86.050003
6100.375000 115.983391 0.497000 86.150002
6100.500000 115.983391 0.497000 86.239998
6100.750000 116.029076 0.497000 86.349998
6101.500000 116.029076 0.497000 86.455002
6101.500000 116.029076 0.497000 86.550003
6101.875000 116.029076 0.409000 86.646004
6102.750000 116.232742 0.409000 86.750000
6103.375000 116.432953 0.409000 86.839996
6104.375000 116.432953 0.409000 86.949997
6105.375000 116.636002 0.409000 87.050003
6106.500000 116.840759 0.409000 87.153999
6107.625000 117.042000 0.409000 87.239998
6108.125000 117.249245 0.409000 87.362999
6108.375000 117.450493 0.409000 87.455002
6109.000000 117.696037 0.409000 87.550003
6110.000000 117.899231 0.392000 87.654999
6110.875000 118.100494 0.392000 87.750000
6111.750000 118.309814 0.392000 87.839996
6112.375000 118.541298 0.392000 87.956001
6113.875000 118.744301 0.392000 88.056000
6115.875000 118.953583 0.392000 88.150002
6117.750000 119.154961 0.392000 88.239998
6119.500000 119.356140 0.392000 88.349998
6121.750000 119.557358 0.392000 88.440002
6124.625000 119.758553 0.392000 88.551003
6128.625000 119.979927 0.420000 88.660004
6131.750000 120.181068 0.420000 88.760002
6133.750000 120.382233 0.420000 88.849998
6136.250000 120.583527 0.420000 88.949997
6139.250000 120.784760 0.420000 89.050003
6142.000000 120.986000 0.420000 89.150002
6147.375000 121.187233 0.420000 89.250000
6150.750000 121.388603 0.420000 89.349998
6154.000000 121.589897 0.420000 89.449997
6157.000000 121.791100 0.420000 89.550003
6161.125000 121.992462 0.428000 89.650002
6166.000000 122.193893 0.428000 89.750000
6170.625000 122.395004 0.428000 89.849998
6174.750000 122.596481 0.428000 89.949997
6178.375000 122.797478 0.428000 90.050003
6183.625000 123.012993 0.428000 90.162003
6188.125000 123.220352 0.428000 90.250000
6193.125000 123.421684 0.428000 90.350998
6199.000000 123.622772 0.428000 90.449997
6203.875000 123.823853 0.428000 90.550003
6209.500000 124.025055 0.453000 90.650002
6216.375000 124.228172 0.453000 90.755997
6223.375000 124.228172 0.453000 90.841003
6230.250000 124.630806 0.453000 90.950996
6236.625000 124.832047 0.453000 91.045998
6243.000000 125.033272 0.453000 91.155998
6251.375000 125.033272 0.453000 91.240997
6259.125000 125.435890 0.453000 91.350998
6268.125000 125.641258 0.453000 91.447998
6280.000000 125.641258 0.453000 91.542999
6294.625000 126.053505 0.453000 91.655998
6313.375000 126.053505 0.477000 91.750999
6327.375000 126.460846 0.477000 91.875000
6339.750000 126.460846 0.477000 91.950996
6349.500000 126.664253 0.477000 92.052002
6361.125000 126.865479 0.477000 92.155998
6374.875000 127.068764 0.477000 92.250999
6386.250000 127.269905 0.477000 92.355003
6399.750000 127.470879 0.477000 92.450996
6409.375000 127.682350 0.477000 92.541000
6420.000000 127.891472 0.477000 92.661003
6438.000000 128.092224 0.519000 92.761002
6449.875000 128.293854 0.519000 92.860001
6461.125000 128.495209 0.519000 92.959999
6472.625000 128.495209 0.519000 93.055000
6482.500000 128.695663 0.519000 93.160004
6489.125000 128.695663 0.519000 93.260002
6496.750000 128.899551 0.519000 93.360001
6506.125000 129.107651 0.519000 93.464996
6513.625000 129.317001 0.519000 93.556000
6522.625000 129.317001 0.519000 93.651001
6548.750000 129.533905 0.503000 93.755997
6557.625000 129.743134 0.503000 93.859001
6563.875000 129.943359 0.503000 93.950996
6571.375000 130.144562 0.503000 94.057999
6579.875000 130.349960 0.503000 94.157997
6587.750000 130.551514 0.503000 94.245003
6598.625000 130.754791 0.503000 94.352997
6607.500000 130.958038 0.503000 94.459999
6616.250000 131.167511 0.503000 94.558998
6627.375000 131.370590 0.503000 94.653000
6636.250000 131.577820 0.522000 94.749001
6643.500000 131.780151 0.522000 94.853996
6650.750000 131.981674 0.522000 94.955002
6657.625000 132.191330 0.522000 95.053001
6664.875000 132.402847 0.522000 95.153000
6671.000000 132.603867 0.522000 95.242996
6678.250000 132.853348 0.522000 95.371002
6684.875000 133.056549 0.522000 95.453003
6691.625000 133.267670 0.522000 95.573997
6700.750000 133.474457 0.522000 95.655998
6707.375000 133.677841 0.500000 95.746002
6715.000000 133.877975 0.500000 95.856003
6726.625000 133.877975 0.500000 95.950996
6737.375000 134.035400 0.500000 96.063004
6744.500000 134.158142 0.500000 96.165001
6748.875000 134.249695 0.500000 96.257004
6755.625000 134.309937 0.500000 96.351997
6760.375000 134.337524 0.500000 96.459999
6765.500000 134.339508 0.500000 96.559998
6767.125000 134.339508 0.500000 96.652000
6822.250000 134.339508 0.500000 96.771004
6830.875000 134.339508 0.562000 96.865997
6832.500000 134.339508 0.562000 96.957001
6842.875000 134.339508 0.562000 97.054001
6843.625000 134.339508 0.562000 97.156998
6845.000000 134.339508 0.562000 97.246002
6847.375000 134.339508 0.562000 97.356003
6848.250000 134.339508 0.562000 97.471001
6848.500000 134.339767 0.562000 97.566002
6850.375000 134.339767 0.562000 97.653000
6851.875000 134.355362 0.529000 97.742996
6852.125000 134.355362 0.529000 97.855003
6852.625000 134.355362 0.529000 97.945000
6854.000000 134.355362 0.529000 98.055000
6855.000000 134.413101 0.529000 98.154999
6855.875000 134.413101 0.529000 98.245003
6857.375000 134.413101 0.529000 98.355003
6859.500000 134.615036 0.529000 98.445000
6861.250000 134.819427 0.529000 98.565002
6862.625000 134.819427 0.529000 98.647003
6863.875000 135.021744 0.493000 98.760002
6866.750000 135.225189 0.493000 98.842003
6869.375000 135.429611 0.493000 98.953003
6872.875000 135.630936 0.493000 99.057999
6875.125000 135.851929 0.493000 99.153000
6878.625000 136.053085 0.493000 99.248001
6881.375000 136.286362 0.493000 99.363998
6883.500000 136.487488 0.493000 99.466003
6886.375000 136.694916 0.493000 99.569000
6889.125000 136.900330 0.493000 99.653000
6900.125000 137.107559 0.495000 99.757004
6903.375000 137.315689 0.495000 99.847000
6905.000000 137.517059 0.495000 99.952003
6907.250000 137.718445 0.495000 100.052002
6909.375000 137.919601 0.495000 100.158997
6910.375000 138.121063 0.495000 100.251999
6912.000000 138.322296 0.495000 100.353996
6913.250000 138.529831 0.495000 100.457001
6914.750000 138.735168 0.495000 100.542000
6916.125000 138.935974 0.495000 100.652000
6917.875000 139.137207 0.521000 100.751999
6919.750000 139.337509 0.521000 100.842003
6922.375000 139.538742 0.521000 100.957001
6925.250000 139.739639 0.521000 101.046997
6929.625000 139.947113 0.521000 101.160004
6934.250000 140.148376 0.521000 101.250000
6938.250000 140.349640 0.521000 101.364998
6942.750000 140.550903 0.521000 101.459999
6947.625000 140.752289 0.521000 101.559998
6953.500000 140.957428 0.521000 101.655998
6960.000000 141.158737 0.521000 101.757004
6965.000000 141.365463 0.568000 101.849998
6970.125000 141.572815 0.568000 101.953003
6975.500000 141.782211 0.568000 102.061996
6980.375000 141.782211 0.568000 102.141998
6986.875000 142.184601 0.568000 102.251999
6993.000000 142.386230 0.568000 102.357002
6999.375000 142.595413 0.568000 102.456001
7006.000000 142.595413 0.568000 102.553001
7011.750000 142.801086 0.568000 102.655998
7017.750000 143.018448 0.568000 102.755997
7027.250000 143.229675 0.620000 102.856003
7033.250000 143.432587 0.620000 102.957001
7042.125000 143.635071 0.620000 103.066002
7047.750000 143.850494 0.620000 103.155998
7054.375000 144.061630 0.620000 103.247002
7062.000000 144.264832 0.620000 103.361000
7068.125000 144.466034 0.620000 103.456001
7073.375000 144.671448 0.620000 103.553001
7079.375000 144.872864 0.620000 103.646004
7087.000000 145.100220 0.559000 103.757004
7092.375000 145.310043 0.559000 103.862999
7097.625000 145.515182 0.559000 103.958000
7103.625000 145.752731 0.559000 104.051003
7107.500000 145.953964 0.559000 104.140999
7113.625000 146.155319 0.559000 104.240997
7118.375000 146.376617 0.559000 104.362000
7124.500000 146.584244 0.559000 104.463997
7128.625000 146.793396 0.559000 104.568001
7134.125000 146.994644 0.559000 104.663002
7145.500000 147.197754 0.559000 104.759003
7158.625000 147.401230 0.593000 104.856003
7166.250000 147.401230 0.593000 104.945999
7171.875000 147.810532 0.593000 105.060997
7176.375000 148.019531 0.593000 105.166000
7181.875000 148.019531 0.593000 105.255997
7187.125000 148.427948 0.593000 105.363998
7194.375000 148.427948 0.593000 105.454002
7199.875000 148.639297 0.593000 105.559998
7204.250000 148.842178 0.593000 105.655998
7211.875000 149.045578 0.593000 105.762001
7223.250000 149.258652 0.583000 105.866997
7231.500000 149.461761 0.583000 105.975998
7239.250000 149.676743 0.583000 106.055000
7248.625000 149.878098 0.583000 106.155998
7255.250000 150.079361 0.583000 106.245003
7258.125000 150.280533 0.583000 106.355003
7262.250000 150.481583 0.583000 106.445000
7266.750000 150.683151 0.583000 106.555000
7270.875000 150.884430 0.583000 106.660004
7276.500000 151.085724 0.583000 106.764999
7290.750000 151.286819 0.542000 106.855003
7299.500000 151.488495 0.542000 106.956001
7308.125000 151.709000 0.542000 107.085999
7312.375000 151.950653 0.542000 107.154999
7318.250000 152.151901 0.542000 107.254997
7321.875000 152.353256 0.542000 107.345001
7326.375000 152.556595 0.542000 107.455002
7332.125000 152.766220 0.542000 107.555000
7338.750000 152.973633 0.542000 107.660004
7350.625000 153.178864 0.496000 107.745003
7360.125000 153.381500 0.496000 107.861000
7367.500000 153.590576 0.496000 107.945000
7375.125000 153.791748 0.496000 108.056999
7380.375000 153.993500 0.496000 108.144997
7386.000000 154.194519 0.496000 108.269997
7390.875000 154.398071 0.496000 108.360001
7397.125000 154.607071 0.496000 108.474998
7401.500000 154.816437 0.496000 108.569000
7405.500000 155.017685 0.496000 108.664001
7414.875000 155.218918 0.496000 108.764000
7424.875000 155.428375 0.618000 108.858002
7432.125000 155.631378 0.618000 108.955002
7438.125000 155.631378 0.618000 109.052002
7443.500000 155.837158 0.618000 109.154999
7448.000000 156.064957 0.618000 109.254997
7456.500000 156.268204 0.618000 109.360001
7463.500000 156.477081 0.618000 109.445000
7468.875000 156.680283 0.618000 109.555000
7473.750000 156.891647 0.618000 109.654999
7480.375000 157.094925 0.618000 109.767998
7490.125000 157.302200 0.543000 109.846001
7497.875000 157.510345 0.543000 109.962997
7505.500000 157.715561 0.543000 110.059998
7511.250000 157.932831 0.543000 110.154999
7517.500000 158.136078 0.543000 110.245003
7522.875000 158.385574 0.543000 110.356003
7526.375000 158.611023 0.543000 110.452003
7532.375000 158.812546 0.543000 110.546997
7536.375000 159.015839 0.543000 110.656998
7541.250000 159.015839 0.543000 110.747002
7546.000000 159.426254 0.595000 110.857002
7554.375000 159.426254 0.595000 110.952003
7560.750000 159.658661 0.595000 111.046997
7563.750000 159.863663 0.595000 111.158997
7567.750000 160.064804 0.595000 111.257004
7573.500000 160.265915 0.595000 111.347000
7577.125000 160.467194 0.595000 111.457001
7582.000000 160.668518 0.595000 111.556999
7589.375000 160.869766 0.595000 111.647003
7595.875000 161.072861 0.498000 111.757004
7602.000000 161.278427 0.498000 111.848000
7607.125000 161.480652 0.498000 111.957001
7612.875000 161.682037 0.498000 112.047997
7621.500000 161.883331 0.498000 112.147003
7624.750000 162.088455 0.498000 112.257004
7630.375000 162.317978 0.498000 112.347000
7635.250000 162.531326 0.498000 112.458000
7641.625000 162.738693 0.498000 112.561996
7646.875000 162.964081 0.498000 112.657997
7652.125000 163.165298 0.467000 112.762001
7657.750000 163.372101 0.467000 112.857002
7661.500000 163.573227 0.467000 112.952003
7665.375000 163.774475 0.467000 113.056999
7669.750000 163.975845 0.467000 113.147003
7675.250000 164.183044 0.467000 113.269997
7681.375000 164.394287 0.467000 113.364998
7686.875000 164.599426 0.467000 113.446999
7693.125000 164.802750 0.467000 113.557999
7698.500000 165.012222 0.467000 113.657997
7702.875000 165.217972 0.467000 113.749001
7709.250000 165.419250 0.519000 113.855003
7716.625000 165.619995 0.519000 113.959000
7722.000000 165.821106 0.519000 114.049004
7726.625000 166.022476 0.519000 114.158997
7731.500000 166.223953 0.519000 114.259003
7735.375000 166.223953 0.519000 114.344002
7741.250000 166.626221 0.519000 114.455002
7746.750000 166.827621 0.519000 114.558998
7751.375000 167.038849 0.519000 114.679001
7757.375000 167.246552 0.459000 114.757004
7764.375000 167.455627 0.459000 114.861000
7769.125000 167.455627 0.459000 114.959000
7774.250000 167.683319 0.459000 115.055000
7780.250000 167.884766 0.459000 115.153999
7785.000000 168.085892 0.459000 115.244003
7792.250000 168.287186 0.459000 115.353996
7798.750000 168.488129 0.459000 115.454002
7804.375000 168.689377 0.459000 115.558998
7811.000000 168.890503 0.459000 115.649002
7825.625000 169.092010 0.468000 115.759003
7833.000000 169.292450 0.468000 115.864998
7838.500000 169.495667 0.468000 115.959999
7844.125000 169.696884 0.468000 116.063004
7850.375000 169.898239 0.468000 116.154999
7855.625000 170.099762 0.468000 116.250000
7861.375000 170.301117 0.468000 116.360001
7867.500000 170.502487 0.468000 116.445000
7874.625000 170.703568 0.468000 116.559998
7881.375000 170.905090 0.468000 116.660004
7892.375000 171.106537 0.492000 116.765999
7900.125000 171.307480 0.492000 116.861000
7906.875000 171.507874 0.492000 116.949997
7911.250000 171.709000 0.492000 117.059998
7917.000000 171.910400 0.492000 117.160004
7925.125000 172.111710 0.492000 117.260002
7931.625000 172.312943 0.492000 117.349998
7937.625000 172.523544 0.492000 117.455002
7945.125000 172.724823 0.492000 117.555000
7951.875000 172.926392 0.492000 117.650002
7969.000000 173.127594 0.478000 117.760002
7976.500000 173.329926 0.478000 117.859001
7983.500000 173.530899 0.478000 117.964996
7991.750000 173.732407 0.478000 118.050003
7999.000000 173.933594 0.478000 118.144997
8005.500000 174.134705 0.478000 118.261002
8012.375000 174.335770 0.478000 118.360001
8018.625000 174.536896 0.478000 118.459999
8025.875000 174.740326 0.478000 118.571999
8032.125000 174.941605 0.478000 118.654999
8039.375000 175.150879 0.485000 118.761002
8049.500000 175.351501 0.485000 118.855003
8057.000000 175.554825 0.485000 118.959999
8064.250000 175.774323 0.485000 119.065002
8073.500000 175.985596 0.485000 119.155998
8081.000000 176.186920 0.485000 119.254997
8090.500000 176.402481 0.485000 119.366997
8098.250000 176.610107 0.485000 119.449997
8108.750000 176.811340 0.485000 119.546997
8117.500000 177.053085 0.485000 119.660004
8125.625000 177.254517 0.485000 119.754997
8143.500000 177.456894 0.592000 119.856003
8153.750000 177.662384 0.592000 119.956001
8165.500000 177.863876 0.592000 120.061996
8176.500000 178.065247 0.592000 120.151001
8186.625000 178.270554 0.592000 120.263000
8197.750000 178.471680 0.592000 120.362999
8210.000000 178.673187 0.592000 120.462997
8222.250000 178.880325 0.592000 120.560997
8234.750000 179.081345 0.592000 120.666000
8244.875000 179.081345 0.592000 120.750999
8267.375000 179.483994 0.592000 120.861000
8278.125000 179.483994 0.630000 120.963997
8295.875000 179.681946 0.630000 121.056000
8309.375000 179.834824 0.630000 121.168999
8317.000000 179.960831 0.630000 121.261002
8327.500000 179.960831 0.630000 121.356003
8333.125000 180.068466 0.630000 121.460999
8341.250000 180.164078 0.630000 121.560997
8346.875000 180.164078 0.630000 121.651001
8351.375000 180.164078 0.630000 121.762001
8364.125000 180.252609 0.614000 121.869003
8367.875000 180.252609 0.614000 121.969002
8372.250000 180.252609 0.614000 122.069000
8375.625000 180.370575 0.614000 122.174004
8379.125000 180.370575 0.614000 122.278999
8384.250000 180.370575 0.614000 122.369003
8390.500000 180.576630 0.614000 122.467003
8397.375000 180.783401 0.614000 122.551003
8406.875000 180.983902 0.614000 122.662003
8415.750000 181.188126 0.614000 122.764000
8434.000000 181.393936 0.575000 122.872002
8443.125000 181.393936 0.575000 122.954002
8452.125000 181.805115 0.575000 123.064003
8461.000000 181.805115 0.575000 123.153999
8471.375000 182.006348 0.575000 123.259003
8480.750000 182.237869 0.575000 123.359001
8491.375000 182.439377 0.575000 123.463997
8499.875000 182.670731 0.575000 123.564003
8506.750000 182.871994 0.575000 123.667000
8514.250000 183.073395 0.575000 123.768997
8521.625000 183.276886 0.575000 123.864998
8535.000000 183.484924 0.666000 123.963997
8543.500000 183.700577 0.666000 124.064003
8553.500000 183.905243 0.666000 124.149002
8563.000000 184.106369 0.666000 124.271004
8572.625000 184.307785 0.666000 124.369003
8583.750000 184.513123 0.666000 124.463997
8593.375000 184.720200 0.666000 124.565002
8602.000000 184.921127 0.666000 124.664001
8614.000000 185.128113 0.666000 124.772003
8624.625000 185.333405 0.666000 124.870003
8635.750000 185.536392 0.717000 124.959999
8646.625000 185.739151 0.717000 125.049004
8656.375000 185.940521 0.717000 125.168999
8666.125000 186.141647 0.717000 125.259003
8677.750000 186.343231 0.717000 125.369003
8687.125000 186.544617 0.717000 125.463997
8698.250000 186.754456 0.717000 125.563004
8710.375000 186.957779 0.717000 125.668999
8720.500000 187.159088 0.717000 125.764000
8733.750000 187.363663 0.717000 125.853996
8753.250000 187.565536 0.669000 125.959000
8764.375000 187.565536 0.669000 126.054001
8773.125000 187.974243 0.669000 126.164001
8783.625000 188.181564 0.669000 126.266998
8793.875000 188.181564 0.669000 126.363998
8804.875000 188.417053 0.669000 126.463997
8816.000000 188.618271 0.669000 126.564003
8827.250000 188.819458 0.669000 126.653999
8838.250000 189.020920 0.669000 126.764000
8849.375000 189.224228 0.669000 126.862999
8869.125000 189.433640 0.713000 126.968002
8883.875000 189.635971 0.713000 127.068001
8895.125000 189.836166 0.713000 127.167999
8907.750000 190.042267 0.713000 127.258003
8918.875000 190.243637 0.713000 127.370003
8928.500000 190.462906 0.713000 127.457001
8940.250000 190.674118 0.713000 127.556000
8953.000000 190.883499 0.713000 127.666000
8965.375000 191.086456 0.713000 127.766998
8979.000000 191.295868 0.713000 127.865997
8996.375000 191.496918 0.747000 127.966003
9009.625000 191.708511 0.747000 128.065994
9027.125000 191.921906 0.747000 128.160995
9040.000000 192.129089 0.747000 128.251007
9053.500000 192.332092 0.747000 128.356995
9068.500000 192.545624 0.747000 128.466003
9084.500000 192.754883 0.747000 128.561005
9096.250000 192.956146 0.747000 128.660995
9108.250000 193.159698 0.747000 128.763000
9122.000000 193.360931 0.747000 128.873001
9137.750000 193.562149 0.758000 128.968002
9149.125000 193.762878 0.758000 129.067993
9161.250000 193.971985 0.758000 129.162003
9173.750000 193.971985 0.758000 129.251007
9187.250000 194.384644 0.758000 129.367004
9199.625000 194.384644 0.758000 129.457993
9209.875000 194.587784 0.758000 129.565002
9217.250000 194.815216 0.758000 129.656006
9228.500000 195.016571 0.758000 129.766998
9242.875000 195.230011 0.758000 129.867004
9280.625000 195.431244 0.664000 129.966995
9290.500000 195.636551 0.664000 130.056000
9304.000000 195.844315 0.664000 130.166000
9318.500000 196.045547 0.664000 130.255997
9329.125000 196.246964 0.664000 130.360992
9340.750000 196.448196 0.664000 130.451004
9351.500000 196.649445 0.664000 130.557999
9361.750000 196.854599 0.664000 130.664001
9370.125000 197.055801 0.664000 130.753006
9379.125000 197.262772 0.664000 130.871002
9388.375000 197.464279 0.696000 130.962997
9403.250000 197.667740 0.696000 131.067993
9414.375000 197.868698 0.696000 131.162994
9421.625000 198.069199 0.696000 131.268005
9430.375000 198.272476 0.696000 131.363007
9440.625000 198.474014 0.696000 131.464996
9452.625000 198.693375 0.696000 131.565994
9462.125000 198.894730 0.696000 131.662994
9475.750000 199.095566 0.696000 131.763000
9496.250000 199.304138 0.696000 131.852997
9534.375000 199.504135 0.676000 131.977997
9546.875000 199.670929 0.676000 132.063004
9556.875000 199.670929 0.676000 132.169998
9569.500000 199.828598 0.676000 132.263000
9579.875000 199.962128 0.676000 132.371002
9586.125000 199.962128 0.676000 132.464005
9595.250000 199.962128 0.676000 132.557999
9603.375000 200.103714 0.676000 132.664001
9610.000000 200.103714 0.676000 132.764999
9617.875000 200.220200 0.676000 132.858002
9626.750000 200.220200 0.710000 132.985992
9630.875000 200.220200 0.710000 133.061996
9637.000000 200.428375 0.710000 133.151993
9644.875000 200.428375 0.710000 133.257004
9654.000000 200.632385 0.710000 133.367004
9665.500000 200.837311 0.710000 133.457001
9676.500000 201.045517 0.710000 133.561996
9687.875000 201.254623 0.710000 133.667007
9700.500000 201.455978 0.710000 133.757004
9711.750000 201.657211 0.710000 133.854004
9723.625000 201.858307 0.666000 133.962006
9736.875000 202.074707 0.666000 134.070999
9747.500000 202.292404 0.666000 134.169006
9758.750000 202.511765 0.666000 134.268005
9766.875000 202.721146 0.666000 134.363998
9778.250000 202.922516 0.666000 134.470001
9792.875000 203.132111 0.666000 134.585999
9802.375000 203.333481 0.666000 134.667999
9814.750000 203.333481 0.666000 134.755997
9826.875000 203.736450 0.666000 134.860992
9836.250000 203.937805 0.666000 134.960999
9859.250000 203.937805 0.781000 135.061005
9870.500000 204.163940 0.781000 135.156998
9884.250000 204.370117 0.781000 135.266006
9895.750000 204.575348 0.781000 135.356003
9907.375000 204.788696 0.781000 135.468002
9920.250000 204.990067 0.781000 135.567993
9930.500000 205.191315 0.781000 135.673004
9940.250000 205.398560 0.781000 135.761002
9947.250000 205.599747 0.781000 135.867004
9956.375000 205.800842 0.781000 135.955994
9965.375000 206.024170 0.831000 136.065002
9975.500000 206.229782 0.831000 136.175003
9986.250000 206.431152 0.831000 136.264999
9996.875000 206.632523 0.831000 136.369995
10006.375000 206.833893 0.831000 136.464996
10015.625000 207.035141 0.831000 136.567001
10024.250000 207.250320 0.831000 136.656998
10033.750000 207.455322 0.831000 136.766998
10044.625000 207.662415 0.831000 136.852997
10053.750000 207.869812 0.831000 136.962006
10074.625000 208.078934 0.775000 137.078003
10082.500000 208.293137 0.775000 137.162003
10095.375000 208.493576 0.775000 137.272003
10108.000000 208.694580 0.775000 137.369003
10119.500000 208.895950 0.775000 137.462006
10132.625000 209.097183 0.775000 137.552002
10142.375000 209.310410 0.775000 137.662994
10151.875000 209.511627 0.775000 137.763000
10159.750000 209.714905 0.775000 137.858002
10174.375000 209.924088 0.775000 137.962997
10191.000000 210.124985 0.803000 138.054001
10203.375000 210.337524 0.803000 138.167999
10210.500000 210.337524 0.803000 138.253006
10221.250000 210.753647 0.803000 138.363007
10231.750000 210.963364 0.803000 138.466003
10239.875000 210.963364 0.803000 138.552994
10248.625000 211.372269 0.803000 138.669006
10258.125000 211.372269 0.803000 138.768005
10265.500000 211.581619 0.803000 138.858002
10276.000000 211.782974 0.803000 138.953003
10290.125000 211.984192 0.809000 139.063004
10298.750000 212.215225 0.809000 139.164993
10309.625000 212.416183 0.809000 139.264008
10319.125000 212.617432 0.809000 139.354004
10326.625000 212.820984 0.809000 139.464996
10333.375000 213.032333 0.809000 139.567993
10342.000000 213.241364 0.809000 139.658997
10351.875000 213.457016 0.809000 139.764008
10358.500000 213.684570 0.809000 139.863998
10369.125000 213.887695 0.809000 139.964005
10377.875000 214.097168 0.803000 140.065002
10385.250000 214.297897 0.803000 140.164001
10393.375000 214.499268 0.803000 140.253998
10400.250000 214.700592 0.803000 140.363998
10406.875000 214.901779 0.803000 140.459000
10414.250000 215.105316 0.803000 140.554993
10419.500000 215.318588 0.803000 140.664001
10425.875000 215.525497 0.803000 140.753998
10432.750000 215.730728 0.803000 140.863998
10439.375000 215.937958 0.803000 140.964005
10452.375000 216.140182 0.748000 141.070007
10460.875000 216.343094 0.748000 141.164001
10469.875000 216.544174 0.748000 141.264008
10479.625000 216.745483 0.748000 141.354004
10487.000000 216.951157 0.748000 141.460999
10493.375000 217.151901 0.748000 141.570999
10502.500000 217.353226 0.748000 141.656006
10510.750000 217.554596 0.748000 141.761002
10518.750000 217.755722 0.748000 141.854996
10534.125000 217.960526 0.748000 141.957993
10543.375000 218.162216 0.748000 142.072998
10567.875000 218.162216 0.885000 142.173004
10577.125000 218.366867 0.885000 142.253998
10585.000000 218.366867 0.885000 142.367996
10594.750000 218.557556 0.885000 142.457993
10601.500000 218.557556 0.885000 142.572998
10607.625000 218.733246 0.885000 142.667999
10614.125000 218.733246 0.885000 142.778000
10618.250000 218.733246 0.885000 142.852997
10624.875000 218.935455 0.885000 142.957993
10641.250000 219.139328 0.725000 143.065994
10647.500000 219.339569 0.725000 143.167999
10655.625000 219.339569 0.725000 143.257996
10664.375000 219.548538 0.725000 143.369003
10673.125000 219.774002 0.725000 143.473999
10679.000000 219.979675 0.725000 143.569000
10686.125000 220.189056 0.725000 143.654007
10693.125000 220.400528 0.725000 143.764008
10700.250000 220.602310 0.725000 143.854004
10706.500000 220.807693 0.725000 143.968994
10717.750000 221.015198 0.700000 144.069000
10724.250000 221.219238 0.700000 144.154007
10731.500000 221.420074 0.700000 144.259003
10738.000000 221.621277 0.700000 144.363998
10744.500000 221.828766 0.700000 144.453995
10751.250000 222.054092 0.700000 144.565002
10758.000000 222.255768 0.700000 144.664001
10767.125000 222.457016 0.700000 144.764008
10776.750000 222.658432 0.700000 144.863998
10787.750000 222.859543 0.700000 144.973999
10797.125000 223.060837 0.732000 145.054993
10802.125000 223.270187 0.732000 145.154999
10809.750000 223.475815 0.732000 145.259003
10816.000000 223.687164 0.732000 145.367004
10826.250000 223.888229 0.732000 145.453995
10834.875000 224.089874 0.732000 145.567001
10841.875000 224.291031 0.732000 145.658997
10854.250000 224.492325 0.732000 145.774002
10867.500000 224.697861 0.732000 145.863998
10886.375000 224.893875 0.732000 145.964005
10900.125000 224.893875 0.714000 146.054993
10916.750000 225.052216 0.714000 146.164001
10930.000000 225.185135 0.714000 146.253998
10943.250000 225.329269 0.714000 146.363998
10960.750000 225.329269 0.714000 146.459000
10970.625000 225.431839 0.714000 146.565002
10983.125000 225.431839 0.714000 146.664993
10993.875000 225.431839 0.714000 146.764008
11005.000000 225.585968 0.714000 146.869003
11011.750000 225.585968 0.712000 146.985992
11022.875000 225.798203 0.712000 147.076004
11030.000000 225.798203 0.712000 147.169006
11040.625000 226.001038 0.712000 147.259003
11053.250000 226.201523 0.712000 147.373001
11063.000000 226.405243 0.712000 147.459000
11076.750000 226.617050 0.712000 147.574005
11087.000000 226.820450 0.712000 147.673996
11098.375000 227.029434 0.712000 147.753998
11107.000000 227.230682 0.712000 147.863998
11116.625000 227.448196 0.712000 147.973999
11149.125000 227.651825 0.693000 148.069000
11162.250000 227.854599 0.693000 148.175003
11172.125000 228.057953 0.693000 148.266006
11183.625000 228.267075 0.693000 148.371002
11194.125000 228.468140 0.693000 148.470001
11204.625000 228.669510 0.693000 148.584000
11214.375000 228.870880 0.693000 148.671005
11223.875000 229.072128 0.693000 148.772995
11232.375000 229.273697 0.693000 148.858994
11239.500000 229.474960 0.693000 148.964996
11256.750000 229.675980 0.749000 149.078995
11263.875000 229.884262 0.749000 149.173996
11271.000000 230.085541 0.749000 149.264008
11279.375000 230.286942 0.749000 149.363998
11289.125000 230.286942 0.749000 149.459000
11300.375000 230.689575 0.749000 149.569000
11310.750000 230.890762 0.749000 149.675003
11320.125000 231.099411 0.749000 149.768005
11330.375000 231.099411 0.749000 149.858002
11340.625000 231.502121 0.749000 149.968002
11350.000000 231.502121 0.749000 150.063004
11363.250000 231.705872 0.796000 150.169998
11374.375000 231.938431 0.796000 150.279007
11384.250000 232.145203 0.796000 150.369003
11394.875000 232.346451 0.796000 150.468994
11405.500000 232.559982 0.796000 150.585007
11418.625000 232.761536 0.796000 150.675003
11429.375000 232.968658 0.796000 150.768005
11438.750000 233.169907 0.796000 150.858002
11449.000000 233.371506 0.796000 150.973007
11459.250000 233.574829 0.765000 151.067993
11471.125000 233.784058 0.765000 151.167999
11480.875000 234.013336 0.765000 151.272995
11489.000000 234.216446 0.765000 151.363007
11499.875000 234.446167 0.765000 151.477005
11510.625000 234.647171 0.765000 151.582001
11520.375000 234.848541 0.765000 151.677002
11528.625000 235.053711 0.765000 151.772995
11539.125000 235.262985 0.765000 151.858994
11549.875000 235.464279 0.765000 151.964996
11558.875000 235.669785 0.765000 152.074997
11579.000000 235.870132 0.820000 152.169998
11587.250000 236.079025 0.820000 152.272995
11596.000000 236.280334 0.820000 152.382004
11606.875000 236.489349 0.820000 152.468002
11620.500000 236.690781 0.820000 152.569000
11630.500000 236.892075 0.820000 152.662003
11642.250000 237.097916 0.820000 152.779007
11651.000000 237.299118 0.820000 152.869003
11671.125000 237.299118 0.820000 152.983994
11690.625000 237.511292 0.737000 153.076996
11703.875000 237.712234 0.737000 153.177002
11714.250000 237.712234 0.737000 153.266006
11719.875000 237.913101 0.737000 153.356003
11726.500000 237.913101 0.737000 153.466003
11735.625000 238.126511 0.737000 153.582993
11743.125000 238.333038 0.737000 153.671997
11754.375000 238.333038 0.737000 153.772995
11763.000000 238.551743 0.737000 153.867004
11769.250000 238.752853 0.737000 153.966003
11775.625000 238.954025 0.737000 154.067993
11781.625000 239.165176 0.784000 154.175995
11787.250000 239.414383 0.784000 154.266006
11795.250000 239.626099 0.784000 154.360992
11801.000000 239.851791 0.784000 154.483994
11808.875000 240.052780 0.784000 154.567993
11819.875000 240.254166 0.784000 154.679993
11824.125000 240.475479 0.784000 154.770996
11829.625000 240.676712 0.784000 154.856995
11832.500000 240.877731 0.784000 154.968002
11839.250000 241.079010 0.747000 155.072006
11844.375000 241.280350 0.747000 155.167007
11849.375000 241.481598 0.747000 155.276993
11855.750000 241.688782 0.747000 155.367004
11862.125000 241.894104 0.747000 155.477005
11866.375000 242.095474 0.747000 155.572006
11871.375000 242.296707 0.747000 155.671997
11874.000000 242.498184 0.747000 155.768997
11876.875000 242.699600 0.747000 155.884995
11879.750000 242.900894 0.747000 155.966995
11892.500000 243.102234 0.739000 156.057007
11895.500000 243.304306 0.739000 156.177002
11898.625000 243.513550 0.739000 156.257004
11900.500000 243.714859 0.739000 156.371994
11904.750000 243.916092 0.739000 156.462006
11907.750000 244.123199 0.739000 156.572006
11909.375000 244.326904 0.739000 156.664993
11912.125000 244.536209 0.739000 156.764999
11914.625000 244.536209 0.739000 156.860001
11917.500000 244.938644 0.739000 156.975006
11919.625000 245.140106 0.755000 157.074997
11921.500000 245.341354 0.755000 157.164993
11922.375000 245.341354 0.755000 157.259995
11924.250000 245.743851 0.755000 157.369995
11926.250000 245.949097 0.755000 157.477005
11928.250000 246.156479 0.755000 157.576004
11930.500000 246.156479 0.755000 157.660004
11933.125000 246.563278 0.755000 157.774994
11936.125000 246.770737 0.755000 157.880005
11937.875000 246.770737 0.755000 157.964996
11940.375000 246.991974 0.755000 158.059998
11947.875000 247.217407 0.797000 158.182007
11950.000000 247.420593 0.797000 158.266998
11951.250000 247.625397 0.797000 158.376007
11953.500000 247.826645 0.797000 158.464996
11955.500000 248.027710 0.797000 158.559998
11956.875000 248.228836 0.797000 158.669998
11959.375000 248.430038 0.797000 158.781998
11960.500000 248.657181 0.797000 158.869995
11962.375000 248.887222 0.797000 158.975006
11972.750000 249.085556 0.797000 159.072006
11975.375000 249.247391 0.785000 159.175003
11976.500000 249.247391 0.785000 159.270004
11978.250000 249.402191 0.785000 159.376007
11978.875000 249.402191 0.785000 159.466995
11980.250000 249.564835 0.785000 159.574997
11980.875000 249.564835 0.785000 159.664993
11982.250000 249.768524 0.785000 159.774994
11983.250000 249.768524 0.785000 159.869995
11984.125000 249.768524 0.785000 159.970001
11985.875000 249.981750 0.785000 160.076004
11988.125000 250.166168 0.726000 160.182007
11989.000000 250.166168 0.726000 160.270004
11989.625000 250.371567 0.726000 160.369995
11990.375000 250.371567 0.726000 160.470993
11992.000000 250.574356 0.726000 160.589005
11992.750000 250.816086 0.726000 160.679001
11995.500000 251.017059 0.726000 160.779007
11996.375000 251.218170 0.726000 160.878998
11998.875000 251.427658 0.726000 160.988998
12001.250000 251.632751 0.745000 161.069000
12002.625000 251.841873 0.745000 161.184006
12004.250000 252.070358 0.745000 161.283997
12006.250000 252.291718 0.745000 161.373993
12009.375000 252.492828 0.745000 161.488998
12010.875000 252.694077 0.745000 161.582001
12012.250000 252.897232 0.745000 161.664993
12015.125000 253.103714 0.745000 161.772995
12070.875000 253.303894 0.745000 161.882996
12073.250000 253.303894 0.745000 161.970001
12075.250000 253.506638 0.691000 162.074997
12076.875000 253.703247 0.691000 162.173004
12078.250000 253.703247 0.691000 162.283005
12080.250000 253.899612 0.691000 162.378006
12081.000000 253.899612 0.691000 162.470001
12082.625000 253.899612 0.691000 162.576004
12083.000000 254.118011 0.691000 162.686996
12086.125000 254.324921 0.691000 162.770996
12089.375000 254.324921 0.691000 162.869995
12091.000000 254.533768 0.691000 162.975998
12093.750000 254.760330 0.733000 163.085999
12096.875000 254.961060 0.733000 163.175995
12099.875000 255.162186 0.733000 163.276001
12102.375000 255.373413 0.733000 163.380997
12104.875000 255.618851 0.733000 163.473007
12106.750000 255.820053 0.733000 163.572998
12109.500000 256.025146 0.733000 163.681000
12112.375000 256.227905 0.733000 163.766006
12116.000000 256.429108 0.733000 163.871002
12119.875000 256.630402 0.733000 163.966003
12123.875000 256.831909 0.724000 164.072006
12128.000000 257.045074 0.724000 164.177002
12131.750000 257.248230 0.724000 164.278000
12136.500000 257.451233 0.724000 164.378998
12144.625000 257.660370 0.724000 164.472000
12148.625000 257.869629 0.724000 164.572998
12154.500000 258.070923 0.724000 164.679001
12161.500000 258.274384 0.724000 164.776993
12172.375000 258.489929 0.724000 164.871994
12180.375000 258.489929 0.724000 164.968002
12198.250000 258.904724 0.696000 165.085999
12221.750000 259.111938 0.696000 165.186005
12234.500000 259.111938 0.696000 165.276001
12257.000000 259.353302 0.696000 165.386002
12273.250000 259.584564 0.696000 165.475998
12284.875000 259.785828 0.696000 165.580994
12300.375000 259.987213 0.696000 165.681000
12310.625000 260.188599 0.696000 165.781006
12330.000000 260.397919 0.696000 165.876007
12343.750000 260.632538 0.696000 165.981003
12354.125000 260.632538 0.721000 166.078003
12366.375000 260.834564 0.721000 166.177002
12372.125000 260.834564 0.721000 166.266998
12380.125000 261.036896 0.721000 166.373001
12388.625000 261.036896 0.721000 166.466995
12396.375000 261.246552 0.721000 166.569000
12402.500000 261.463409 0.721000 166.671997
12410.500000 261.675690 0.721000 166.776993
12417.125000 261.882568 0.721000 166.867004
12425.125000 262.088074 0.721000 166.977005
12436.500000 262.088074 0.648000 167.072006
12446.750000 262.289948 0.648000 167.181000
12460.625000 262.492035 0.648000 167.278000
12472.375000 262.693024 0.648000 167.363007
12485.000000 262.893158 0.648000 167.477005
12494.625000 263.094727 0.648000 167.567993
12507.375000 263.303955 0.648000 167.671997
12516.000000 263.543182 0.648000 167.766998
12526.125000 263.748627 0.648000 167.878006
12537.625000 263.977600 0.648000 167.972000
12546.500000 264.178619 0.685000 168.072006
12557.750000 264.379852 0.685000 168.167007
12564.875000 264.586884 0.685000 168.279999
12570.750000 264.792297 0.685000 168.376999
12577.000000 264.993683 0.685000 168.468002
12584.000000 265.195099 0.685000 168.567001
12591.375000 265.398285 0.685000 168.677994
12595.750000 265.607880 0.685000 168.772003
12606.500000 265.809143 0.685000 168.867004
12617.125000 266.010498 0.685000 168.972000
12629.500000 266.211731 0.696000 169.072998
12639.125000 266.416290 0.696000 169.179001
12649.125000 266.617279 0.696000 169.279007
12658.125000 266.818512 0.696000 169.384003
12665.125000 267.027985 0.696000 169.473007
12670.250000 267.237457 0.696000 169.574005
12674.875000 267.438690 0.696000 169.682007
12679.875000 267.639862 0.696000 169.774002
12691.125000 267.843018 0.696000 169.871994
12701.375000 268.052399 0.696000 169.972000
12726.125000 268.256927 0.657000 170.078995
12735.750000 268.457367 0.657000 170.177002
12745.375000 268.657562 0.657000 170.281998
12753.500000 268.657562 0.657000 170.367004
12759.625000 268.858795 0.657000 170.472000
12767.375000 269.096497 0.657000 170.574997
12782.750000 269.301727 0.657000 170.682007
12792.000000 269.543182 0.657000 170.772003
12803.375000 269.815125 0.657000 170.871994
12811.375000 270.017639 0.657000 170.983002
12827.375000 270.226044 0.616000 171.072998
12837.625000 270.429504 0.616000 171.167999
12850.500000 270.630768 0.616000 171.272995
12864.375000 270.836243 0.616000 171.380005
12870.750000 271.043671 0.616000 171.468002
12881.375000 271.246674 0.616000 171.569000
12892.750000 271.470337 0.616000 171.690002
12906.125000 271.470337 0.616000 171.779007
12922.500000 271.727783 0.616000 171.867996
12935.250000 271.941284 0.616000 171.968002
12953.750000 272.144287 0.588000 172.067993
12968.875000 272.348602 0.588000 172.173004
12980.750000 272.605804 0.588000 172.278000
12998.750000 272.807190 0.588000 172.378998
13018.000000 273.026794 0.588000 172.487000
13039.000000 273.227905 0.588000 172.576996
13056.750000 273.429291 0.588000 172.682007
13074.875000 273.630157 0.588000 172.781998
13092.125000 273.837402 0.588000 172.880005
13103.875000 274.038391 0.588000 172.979996
13123.750000 274.239014 0.615000 173.080002
13135.750000 274.443359 0.615000 173.179993
13149.625000 274.644348 0.615000 173.279999
13161.375000 274.851959 0.615000 173.378006
13172.375000 275.053345 0.615000 173.488998
13187.125000 275.253967 0.615000 173.572998
13195.875000 275.455444 0.615000 173.673996
13207.250000 275.656708 0.615000 173.779007
13218.375000 275.857941 0.615000 173.873001
13234.750000 276.061035 0.615000 173.973007
13251.625000 276.061035 0.677000 174.072998
13264.875000 276.269073 0.677000 174.173004
13277.375000 276.470917 0.677000 174.272995
13290.250000 276.753265 0.677000 174.378998
13301.125000 276.954498 0.677000 174.479004
13311.250000 277.155853 0.677000 174.584000
13321.375000 277.385040 0.677000 174.686996
13331.750000 277.610199 0.677000 174.779999
13347.625000 277.811310 0.677000 174.884995
13359.875000 278.018524 0.677000 174.977997
13374.000000 278.219299 0.692000 175.087997
13395.625000 278.422485 0.692000 175.182999
13426.375000 278.613617 0.692000 175.283005
13439.500000 278.613617 0.692000 175.382996
13450.750000 278.814972 0.692000 175.483002
13468.250000 279.020447 0.692000 175.598007
13486.625000 279.020447 0.692000 175.692993
13497.625000 279.161713 0.692000 175.783005
13506.625000 279.161713 0.692000 175.880997
13514.500000 279.361816 0.692000 175.981003
13522.750000 279.568329 0.687000 176.076004
13535.625000 279.777435 0.687000 176.184006
13547.750000 279.984802 0.687000 176.272995
13562.750000 280.186310 0.687000 176.378006
13572.625000 280.411743 0.687000 176.468994
13587.000000 280.623138 0.687000 176.572998
13600.875000 280.831940 0.687000 176.682999
13612.250000 281.041016 0.687000 176.787994
13627.125000 281.242126 0.687000 176.897995
13639.625000 281.443237 0.687000 176.983002
13661.750000 281.644501 0.640000 177.082993
13674.125000 281.852325 0.640000 177.182999
13685.625000 282.053558 0.640000 177.287994
13695.125000 282.255310 0.640000 177.388000
13703.875000 282.456696 0.640000 177.488007
13714.500000 282.657806 0.640000 177.587997
13726.500000 282.863098 0.640000 177.677994
13736.000000 283.070587 0.640000 177.778000
13746.125000 283.070587 0.640000 177.873001
13765.250000 283.274567 0.640000 177.977997
13776.625000 283.470245 0.713000 178.072998
13807.000000 283.672058 0.713000 178.181000
13814.625000 283.783417 0.713000 178.278000
13824.875000 283.783417 0.713000 178.373001
13832.000000 283.878571 0.713000 178.475998
13839.250000 283.878571 0.713000 178.572998
13842.750000 283.982269 0.713000 178.686996
13843.750000 283.982269 0.713000 178.778000
13850.625000 284.082947 0.713000 178.878006
13853.250000 284.082947 0.713000 178.979004
13868.250000 284.082947 0.645000 179.078003
13873.500000 284.082947 0.645000 179.177994
13876.625000 284.082947 0.645000 179.278000
13879.875000 284.082947 0.645000 179.380005
13883.125000 284.287231 0.645000 179.488998
13886.375000 284.287231 0.645000 179.578003
13890.250000 284.488678 0.645000 179.679993
13895.750000 284.691528 0.645000 179.785995
13903.000000 284.691528 0.645000 179.878006
13909.500000 284.925690 0.597000 179.983002
13916.375000 285.126099 0.597000 180.087997
13923.125000 285.329193 0.597000 180.179001
13930.375000 285.548584 0.597000 180.283005
13937.750000 285.764099 0.597000 180.384995
13944.000000 285.965454 0.597000 180.479996
13949.750000 286.216980 0.597000 180.585007
13954.250000 286.424042 0.597000 180.679993
13962.000000 286.625580 0.597000 180.779999
13968.750000 286.828827 0.597000 180.891006
13973.375000 286.828827 0.597000 180.985992
13978.375000 287.030518 0.655000 181.085007
13982.750000 287.233521 0.655000 181.179993
13986.500000 287.438293 0.655000 181.279999
13990.375000 287.659668 0.655000 181.384995
13997.250000 287.870697 0.655000 181.481003
14005.375000 288.093658 0.655000 181.580002
14013.250000 288.303162 0.655000 181.684998
14021.000000 288.506317 0.655000 181.789993
14028.625000 288.707581 0.655000 181.891006
14038.375000 288.707581 0.655000 181.985001
14062.875000 288.914703 0.714000 182.100998
14069.500000 289.131683 0.714000 182.186005
14076.750000 289.131683 0.714000 182.285004
14084.500000 289.339691 0.714000 182.391006
14090.250000 289.558899 0.714000 182.485001
14096.625000 289.765137 0.714000 182.585007
14105.250000 289.969147 0.714000 182.707001
14112.750000 290.170380 0.714000 182.796005
14125.875000 290.372803 0.714000 182.884995
14137.000000 290.568726 0.714000 182.990005
14151.500000 290.568726 0.689000 183.085007
14160.625000 290.770660 0.689000 183.184998
14164.375000 290.891357 0.689000 183.285995
14168.750000 290.988831 0.689000 183.399994
14169.875000 290.988831 0.689000 183.485001
14175.875000 290.988831 0.689000 183.585007
14180.000000 291.120972 0.689000 183.686005
14182.000000 291.120972 0.689000 183.794998
14186.500000 291.274536 0.689000 183.884995
14187.875000 291.274536 0.689000 183.996002
14208.250000 291.274536 0.679000 184.089996
14211.750000 291.476685 0.679000 184.184998
14214.250000 291.476685 0.679000 184.289993
14216.000000 291.677917 0.679000 184.384995
14218.750000 291.677917 0.679000 184.485001
14222.750000 291.883942 0.679000 184.589996
14227.000000 292.085632 0.679000 184.690002
14235.125000 292.287659 0.679000 184.792007
14238.250000 292.500824 0.679000 184.893005
14241.375000 292.500824 0.679000 184.985001
14259.125000 292.711182 0.666000 185.098007
14262.250000 292.711182 0.666000 185.184998
14265.250000 292.913452 0.666000 185.291000
14268.250000 292.913452 0.666000 185.391006
14270.375000 293.116760 0.666000 185.492004
14274.000000 293.116760 0.666000 185.591003
14277.750000 293.321472 0.666000 185.690002
14280.125000 293.527344 0.666000 185.785004
14283.375000 293.527344 0.666000 185.889999
14290.250000 293.754700 0.627000 185.990005
14295.500000 293.993011 0.627000 186.085007
14298.625000 294.194458 0.627000 186.192001
14302.000000 294.399902 0.627000 186.285004
14305.625000 294.607300 0.627000 186.384995
14308.375000 294.808746 0.627000 186.485001
14312.000000 295.010193 0.627000 186.591995
14316.375000 295.219421 0.627000 186.682999
14319.875000 295.451263 0.627000 186.787994
14327.250000 295.615479 0.627000 186.888000
14333.250000 295.615479 0.626000 186.988007
14337.000000 295.770599 0.626000 187.093994
14342.625000 295.861786 0.626000 187.182999
14358.750000 295.921417 0.626000 187.285004
14361.000000 295.944855 0.626000 187.388000
14362.875000 295.945465 0.626000 187.488007
14365.375000 295.945465 0.626000 187.587997
14370.000000 295.945465 0.626000 187.682999
14376.375000 295.945465 0.626000 187.794006
14390.125000 295.945465 0.626000 187.888000
14397.250000 295.945465 0.626000 187.994003
14399.000000 295.945465 0.643000 188.087997
14401.250000 295.945465 0.643000 188.188004
14405.625000 295.945465 0.643000 188.292999
14406.250000 295.945465 0.643000 188.395996
14409.500000 295.945465 0.643000 188.492996
14413.125000 295.945465 0.643000 188.598007
14413.625000 295.945465 0.643000 188.688995
14413.875000 295.947601 0.643000 188.787994
14415.125000 295.947601 0.643000 188.893005
14415.750000 295.947845 0.636000 188.998001
14416.125000 295.947845 0.636000 189.093002
14417.375000 295.947845 0.636000 189.197006
14419.125000 295.984802 0.636000 189.296997
14419.750000 295.984802 0.636000 189.401993
14420.250000 295.984802 0.636000 189.501999
14421.125000 296.189178 0.636000 189.587997
14423.500000 296.189178 0.636000 189.697006
14425.500000 296.405457 0.636000 189.800003
14427.750000 296.607056 0.636000 189.897003
14430.500000 296.808319 0.621000 189.992996
14434.750000 297.008911 0.621000 190.089005
14439.000000 297.211975 0.621000 190.199005
14444.375000 297.421112 0.621000 190.287994
14449.250000 297.622131 0.621000 190.388000
14452.500000 297.823303 0.621000 190.492996
14456.000000 298.024780 0.621000 190.593002
14459.125000 298.226196 0.621000 190.692993
14465.000000 298.433502 0.621000 190.802994
14470.500000 298.639069 0.621000 190.901001
14474.000000 298.840454 0.621000 190.992996
14481.500000 298.840454 0.622000 191.087997
14484.750000 299.044891 0.622000 191.188004
14491.375000 299.250488 0.622000 191.294006
14497.375000 299.487732 0.622000 191.393005
14503.375000 299.700989 0.622000 191.488007
14507.750000 299.910248 0.622000 191.593002
14512.500000 300.119781 0.622000 191.699005
14516.750000 300.321045 0.622000 191.792999
14520.125000 300.524048 0.622000 191.889999
14524.875000 300.729614 0.622000 192.005997
14531.250000 300.931000 0.633000 192.091003
14532.375000 301.132050 0.633000 192.186005
14533.750000 301.333191 0.633000 192.291000
14536.125000 301.554810 0.633000 192.395996
14538.125000 301.781952 0.633000 192.496002
14539.125000 301.987610 0.633000 192.591995
14540.500000 302.188904 0.633000 192.695999
14542.125000 302.391846 0.633000 192.796997
14543.500000 302.585144 0.633000 192.895996
14547.625000 302.751648 0.590000 193.001007
14548.500000 302.751648 0.590000 193.098999
14549.125000 302.893219 0.590000 193.190994
14551.500000 302.988708 0.590000 193.285995
14552.000000 303.059845 0.590000 193.397995
14552.250000 303.087738 0.590000 193.485992
14552.375000 303.089752 0.590000 193.591003
14552.875000 303.089752 0.590000 193.690994
14553.625000 303.089752 0.590000 193.791000
14557.375000 303.089752 0.590000 193.891998
14557.875000 303.089752 0.547000 193.985992
14561.625000 303.089752 0.547000 194.106003
14561.750000 303.089752 0.547000 194.190994
14561.875000 303.090790 0.547000 194.296005
14562.250000 303.090790 0.547000 194.391006
14562.250000 303.090790 0.547000 194.490997
14562.250000 303.104156 0.547000 194.591003
14562.250000 303.104156 0.547000 194.694000
14562.250000 303.104156 0.547000 194.794006
14562.500000 303.148926 0.547000 194.899002
14562.500000 303.148926 0.534000 194.998993
14562.625000 303.148926 0.534000 195.098999
14563.000000 303.354279 0.534000 195.195999
14563.250000 303.354279 0.534000 195.296997
14563.375000 303.594574 0.534000 195.397003
14563.500000 303.801331 0.534000 195.488998
14564.000000 304.004456 0.534000 195.591995
14565.125000 304.205688 0.534000 195.692993
14566.500000 304.407074 0.534000 195.792007
14569.500000 304.608307 0.534000 195.886993
14572.250000 304.809326 0.544000 195.992004
14573.750000 305.014618 0.544000 196.113998
14575.000000 305.215973 0.544000 196.203995
14576.125000 305.417084 0.544000 196.294006
14578.500000 305.618317 0.544000 196.393997
14580.625000 305.819580 0.544000 196.498993
14581.375000 306.027252 0.544000 196.591995
14582.375000 306.027252 0.544000 196.686996
14583.375000 306.441681 0.544000 196.798004
14584.750000 306.441681 0.544000 196.893005
14585.375000 306.642914 0.517000 196.987000
14586.750000 306.851105 0.517000 197.087006
14588.875000 307.101013 0.517000 197.186996
14590.375000 307.304260 0.517000 197.307999
14591.125000 307.515625 0.517000 197.397995
14592.500000 307.787445 0.517000 197.488007
14593.250000 307.996857 0.517000 197.587997
14594.875000 308.198090 0.517000 197.697006
14595.750000 308.401337 0.517000 197.787003
14597.750000 308.604645 0.517000 197.886993
14599.375000 308.814056 0.586000 198.001007
14601.125000 309.025208 0.586000 198.097000
14602.625000 309.234711 0.586000 198.192001
14604.750000 309.435974 0.586000 198.298004
14606.500000 309.637329 0.586000 198.386993
14608.375000 309.838531 0.586000 198.492004
14609.875000 310.039886 0.586000 198.602005
14611.125000 310.241150 0.586000 198.697006
14612.250000 310.442108 0.586000 198.804001
14612.750000 310.643738 0.586000 198.897003
14613.250000 310.844971 0.586000 199.001999
14616.500000 311.049835 0.591000 199.106995
14616.875000 311.254944 0.591000 199.201996
14617.500000 311.456055 0.591000 199.302002
14618.125000 311.657166 0.591000 199.406998
14618.375000 311.657166 0.591000 199.496994
14618.750000 311.858002 0.591000 199.597000
14620.500000 312.129700 0.591000 199.701996
14621.875000 312.330688 0.591000 199.802002
14625.125000 312.539520 0.591000 199.897003
14631.875000 312.742401 0.591000 200.001999
14638.250000 312.944885 0.589000 200.106995
14639.625000 312.944885 0.589000 200.201996
14641.750000 313.145569 0.589000 200.296005
14644.250000 313.348999 0.589000 200.395004
14647.250000 313.348999 0.589000 200.500000
14649.000000 313.564606 0.589000 200.597000
14650.125000 313.564606 0.589000 200.690002
14651.625000 313.809692 0.589000 200.789993
14652.500000 314.013062 0.589000 200.889999
14654.250000 314.214050 0.589000 200.994995
14658.250000 314.436920 0.637000 201.085007
14660.375000 314.643372 0.637000 201.195007
14661.625000 314.862915 0.637000 201.298996
14663.375000 315.068359 0.637000 201.395996
14665.125000 315.277252 0.637000 201.494995
14666.875000 315.482086 0.637000 201.587006
14668.250000 315.685059 0.637000 201.692001
14671.250000 315.890594 0.637000 201.800003
14672.375000 316.091949 0.637000 201.895004
14674.250000 316.299164 0.637000 201.992996
14692.875000 316.507050 0.644000 202.097000
14693.875000 316.714417 0.644000 202.197006
14695.375000 316.915558 0.644000 202.311996
14695.500000 317.116943 0.644000 202.401993
14695.750000 317.318176 0.644000 202.501999
14696.250000 317.519409 0.644000 202.606995
14697.375000 317.720795 0.644000 202.701996
14698.250000 317.922150 0.644000 202.802002
14699.000000 318.123138 0.644000 202.897003
14700.000000 318.324371 0.582000 203.007004
14701.625000 318.525238 0.582000 203.102005
14702.500000 318.726349 0.582000 203.197006
14703.250000 318.927612 0.582000 203.302002
14704.000000 319.128876 0.582000 203.399994
14704.625000 319.335999 0.582000 203.500000
14705.375000 319.335999 0.582000 203.595001
14706.125000 319.571381 0.582000 203.697006
14707.500000 319.809265 0.582000 203.789993
14708.875000 320.010498 0.582000 203.895996
14709.750000 320.213623 0.582000 203.996994
14714.250000 320.444580 0.585000 204.095993
14715.125000 320.657684 0.585000 204.210007
14717.500000 320.876678 0.585000 204.300003
14718.625000 321.079681 0.585000 204.391006
14719.750000 321.280914 0.585000 204.490997
14720.500000 321.482208 0.585000 204.600998
14722.000000 321.683319 0.585000 204.692001
14722.250000 321.887329 0.585000 204.792999
14723.125000 321.887329 0.585000 204.891006
14724.125000 322.102264 0.569000 204.990997
14724.750000 322.304565 0.569000 205.095993
14725.875000 322.511963 0.569000 205.190994
14726.750000 322.713501 0.569000 205.285995
14727.875000 322.944855 0.569000 205.386002
14729.500000 323.148132 0.569000 205.485992
14730.625000 323.357422 0.569000 205.591003
14731.375000 323.562683 0.569000 205.690994
14733.000000 323.765533 0.569000 205.796997
14733.875000 323.974976 0.569000 205.897003
14734.500000 324.176575 0.533000 205.996994
14734.875000 324.385590 0.533000 206.100998
14735.375000 324.586853 0.533000 206.190994
14736.125000 324.788116 0.533000 206.296997
14737.125000 324.989258 0.533000 206.391998
14738.750000 325.190552 0.533000 206.490997
14740.250000 325.391907 0.533000 206.595993
14742.750000 325.391907 0.533000 206.690994
14744.375000 325.600250 0.533000 206.791000
14751.250000 325.828278 0.533000 206.895996
14756.250000 325.971222 0.533000 206.996002
14764.125000 325.971222 0.629000 207.095993
14774.250000 326.147766 0.629000 207.186005
14778.125000 326.197388 0.629000 207.291000
14779.750000 326.197388 0.629000 207.391006
14780.250000 326.214020 0.629000 207.496002
14781.125000 326.214020 0.629000 207.591003
14781.625000 326.214020 0.629000 207.701004
14782.125000 326.218964 0.629000 207.794998
14783.500000 326.218964 0.629000 207.895004
14784.250000 326.218964 0.629000 208.000000
14786.625000 326.218964 0.632000 208.104996
14787.375000 326.218964 0.632000 208.199997
14787.625000 326.218964 0.632000 208.304993
14788.000000 326.430511 0.632000 208.399994
14788.500000 326.430511 0.632000 208.505005
14789.125000 326.662811 0.632000 208.595001
14789.750000 326.875916 0.632000 208.695007
14791.000000 327.076416 0.632000 208.785004
14793.125000 327.277771 0.632000 208.889999
14793.500000 327.486816 0.632000 208.990005
14797.625000 327.695190 0.632000 209.098999
14797.875000 327.902710 0.632000 209.190994
14799.500000 328.103729 0.632000 209.294998
14801.250000 328.304962 0.632000 209.393005
14802.375000 328.505920 0.632000 209.490005
14804.250000 328.707062 0.632000 209.595993
14806.875000 328.908600 0.632000 209.695999
14809.000000 329.109985 0.632000 209.794998
14812.000000 329.311401 0.632000 209.884995
14815.125000 329.512512 0.586000 209.990005
14819.875000 329.720032 0.586000 210.104996
14824.750000 329.923798 0.586000 210.199997
14827.125000 329.923798 0.586000 210.289993
14830.250000 330.129272 0.586000 210.391998
14835.500000 330.350708 0.586000 210.500000
14840.125000 330.588104 0.586000 210.595001
14842.750000 330.789185 0.586000 210.690002
14845.000000 330.990692 0.586000 210.740005
14848.250000 331.194122 0.586000 210.854996
14853.250000 331.403442 0.586000 210.953003
14856.750000 331.604706 0.623000 211.050003
14859.875000 331.806183 0.623000 211.141006
14862.875000 332.007355 0.623000 211.259003
14864.375000 332.208282 0.623000 211.345001
14866.000000 332.409515 0.623000 211.445007
14870.500000 332.610626 0.623000 211.554993
14872.000000 332.811981 0.623000 211.645004
14873.750000 333.013275 0.623000 211.779999
14875.375000 333.214142 0.623000 211.850998
14877.250000 333.415558 0.623000 211.940002
14879.000000 333.616486 0.621000 212.050003
14880.250000 333.817657 0.621000 212.145004
14882.750000 334.018890 0.621000 212.250000
14885.250000 334.220398 0.621000 212.339996
14887.125000 334.422058 0.621000 212.449997
14888.750000 334.625366 0.621000 212.550003
14890.750000 334.834442 0.621000 212.645004
14892.250000 335.037598 0.621000 212.757004
14895.000000 335.246887 0.621000 212.854996
14897.125000 335.448242 0.621000 212.949997
14901.125000 335.649200 0.595000 213.044998
14903.250000 335.856354 0.595000 213.164001
14905.750000 336.059448 0.595000 213.250000
14908.625000 336.059448 0.595000 213.339996
14909.375000 336.462402 0.595000 213.453003
14910.875000 336.462402 0.595000 213.539993
14912.625000 336.669769 0.595000 213.645004
14914.125000 336.905243 0.595000 213.740005
14915.500000 337.110596 0.595000 213.852005
14916.500000 337.313965 0.595000 213.951004
14918.250000 337.521210 0.585000 214.048996
14921.000000 337.728912 0.585000 214.149994
14923.000000 337.934326 0.585000 214.240005
14926.375000 338.135468 0.585000 214.350006
14928.625000 338.336609 0.585000 214.451004
14930.125000 338.537872 0.585000 214.550003
14931.500000 338.749359 0.585000 214.649994
14932.625000 338.968719 0.585000 214.740005
14935.625000 339.214996 0.585000 214.850006
14940.250000 339.419830 0.585000 214.955002
14944.750000 339.419830 0.558000 215.050003
14947.500000 339.628235 0.558000 215.147003
14948.500000 339.830353 0.558000 215.257004
14949.625000 340.030823 0.558000 215.347000
14951.250000 340.232178 0.558000 215.457993
14952.875000 340.433136 0.558000 215.552002
14955.125000 340.634399 0.558000 215.647003
14956.625000 340.835907 0.558000 215.748001
14959.125000 341.038910 0.558000 215.858002
14960.375000 341.243896 0.558000 215.947006
14964.500000 341.449493 0.564000 216.057007
14966.375000 341.656158 0.564000 216.147003
14967.625000 341.856781 0.564000 216.261993
14969.375000 342.057953 0.564000 216.352005
14971.250000 342.259125 0.564000 216.457001
14972.125000 342.460175 0.564000 216.546997
14973.125000 342.661438 0.564000 216.656998
14975.000000 342.862579 0.564000 216.757996
14979.625000 343.064850 0.564000 216.852997
14987.500000 343.284515 0.564000 216.947006
14997.500000 343.453094 0.546000 217.057007
15006.000000 343.588806 0.546000 217.141998
15008.500000 343.588806 0.546000 217.250000
15012.125000 343.698822 0.546000 217.341995
15016.875000 343.765991 0.546000 217.447006
15020.375000 343.800049 0.546000 217.546997
15022.125000 343.806183 0.546000 217.658005
15022.875000 343.806183 0.546000 217.737000
15025.375000 343.806183 0.546000 217.852997
15026.375000 343.806183 0.518000 217.953995
15027.500000 343.806366 0.518000 218.048996
15028.375000 343.806366 0.518000 218.139999
15030.000000 343.808533 0.518000 218.253998
15031.250000 343.808533 0.518000 218.348999
15032.000000 343.822021 0.518000 218.445007
15033.000000 343.822021 0.518000 218.554001
15033.500000 343.822021 0.518000 218.641006
15033.750000 343.935760 0.518000 218.761993
15034.500000 343.935760 0.518000 218.856995
15034.750000 344.141235 0.518000 218.957001
15036.500000 344.141235 0.504000 219.052002
15037.500000 344.347076 0.504000 219.141998
15038.250000 344.548279 0.504000 219.251999
15039.000000 344.548279 0.504000 219.348007
15039.500000 344.759705 0.504000 219.457993
15040.125000 344.963196 0.504000 219.552994
15040.875000 345.172546 0.504000 219.647003
15041.000000 345.382385 0.504000 219.757004
15042.125000 345.593231 0.504000 219.847000
15042.625000 345.810944 0.504000 219.949997
15043.375000 346.016388 0.506000 220.046997
15043.625000 346.219421 0.506000 220.156998
15044.000000 346.428925 0.506000 220.246994
15044.750000 346.630188 0.506000 220.362000
